3 0.415310 0.265646 0.106307 0.314248
3 0.077569 0.515646 0.119532 0.208389
3 0.083164 0.756325 0.122584 0.279627
3 0.305697 0.883156 0.101729 0.196405
3 0.865209 0.711718 0.168871 0.304927
3 0.951933 0.884154 0.089013 0.231691
3 0.368515 0.667443 0.069685 0.168442
3 0.723550 0.928762 0.078840 0.142477
3 0.396236 0.948069 0.062055 0.103862
3 0.509664 0.962051 0.065107 0.075899
3 0.316887 0.682423 0.060020 0.166445
3 0.233215 0.792943 0.063581 0.175766
3 0.639878 0.918442 0.059003 0.100533
3 0.686165 0.783622 0.089522 0.194407
3 0.481434 0.703063 0.137843 0.142477
