11 0.643689 0.838667 0.130097 0.074667
11 0.606796 0.131333 0.231068 0.246667
11 0.427184 0.283333 0.209709 0.108000
11 0.663107 0.307333 0.184466 0.078667
11 0.849515 0.689333 0.172816 0.077333
11 0.791262 0.586667 0.200000 0.098667
11 0.475728 0.436000 0.077670 0.072000
11 0.380583 0.458000 0.178641 0.086667
11 0.712621 0.433333 0.166990 0.069333
11 0.066019 0.746000 0.128155 0.180000
11 0.508738 0.882667 0.306796 0.104000
11 0.817476 0.942667 0.248544 0.080000
11 0.533981 0.972667 0.132039 0.041333
11 0.649515 0.594000 0.060194 0.076000
11 0.580583 0.578000 0.062136 0.065333
11 0.456311 0.519333 0.062136 0.062667
11 0.522330 0.514667 0.062136 0.056000
11 0.544660 0.427333 0.056311 0.078667
11 0.390291 0.390667 0.221359 0.085333
11 0.648544 0.752667 0.066019 0.076000
11 0.898058 0.762000 0.203883 0.092000
11 0.815534 0.844667 0.143689 0.076000
11 0.402913 0.944000 0.102913 0.088000
11 0.665049 0.506667 0.064078 0.045333
11 0.735922 0.522000 0.077670 0.044000
