21 0.355000 0.266667 0.117500 0.290000
21 0.420625 0.629583 0.235000 0.350833
21 0.527188 0.278333 0.104375 0.121667
21 0.934375 0.161250 0.120000 0.197500
21 0.703750 0.560417 0.177500 0.342500
21 0.883125 0.378333 0.232500 0.210000
21 0.743750 0.248750 0.160000 0.329167
21 0.480625 0.418750 0.196250 0.172500
21 0.632812 0.435000 0.140625 0.258333
21 0.342813 0.799583 0.203125 0.389167
21 0.901875 0.653750 0.196250 0.320833
21 0.478125 0.095000 0.180000 0.188333
21 0.155000 0.820417 0.156250 0.234167
21 0.674687 0.210417 0.083125 0.197500
21 0.871250 0.175833 0.137500 0.235000
