22 0.543945 0.747253 0.076172 0.126007
22 0.625000 0.514286 0.066406 0.061538
22 0.473633 0.395604 0.111328 0.052747
22 0.193359 0.680586 0.105469 0.092308
22 0.284180 0.645421 0.072266 0.077656
22 0.752930 0.610989 0.076172 0.073260
11 0.626953 0.446886 0.089844 0.067399
22 0.132324 0.092308 0.073242 0.087912
22 0.477539 0.713919 0.085938 0.056410
11 0.324219 0.297070 0.054688 0.030037
11 0.519043 0.431502 0.075195 0.027839
11 0.607422 0.393773 0.035156 0.034432
11 0.698730 0.254579 0.040039 0.028571
11 0.601562 0.327473 0.044922 0.043956
11 0.680176 0.288645 0.065430 0.038095
11 0.591309 0.195971 0.034180 0.031502
11 0.291504 0.325275 0.073242 0.035165
11 0.294434 0.363004 0.067383 0.031502
11 0.460449 0.249817 0.065430 0.036630
