22 0.742676 0.656901 0.127930 0.214844
22 0.550781 0.792318 0.111328 0.160156
22 0.592285 0.574870 0.165039 0.147135
22 0.382324 0.749349 0.124023 0.167969
22 0.100586 0.417318 0.121094 0.162760
22 0.719727 0.122396 0.099609 0.125000
22 0.620117 0.074870 0.091797 0.147135
22 0.395508 0.539714 0.119141 0.191406
22 0.197266 0.544271 0.099609 0.210938
22 0.491699 0.840495 0.110352 0.204427
22 0.663086 0.707031 0.085938 0.122396
22 0.644531 0.463542 0.085938 0.065104
22 0.064453 0.297526 0.117188 0.136719
22 0.247070 0.756510 0.117188 0.083333
11 0.615234 0.338542 0.054688 0.065104
11 0.675293 0.324219 0.049805 0.041667
11 0.653809 0.260417 0.038086 0.054688
11 0.706055 0.291016 0.039062 0.048177
11 0.591309 0.281250 0.038086 0.046875
11 0.412109 0.302083 0.029297 0.031250
11 0.435547 0.346354 0.048828 0.054688
11 0.446777 0.304036 0.034180 0.029948
11 0.384766 0.210286 0.041016 0.053385
11 0.338379 0.188151 0.028320 0.032552
11 0.483887 0.125651 0.032227 0.035156
11 0.339355 0.234375 0.047852 0.049479
22 0.492188 0.555990 0.107422 0.177083
