11 0.250000 0.308750 0.166667 0.232500
11 0.398333 0.208750 0.120000 0.222500
11 0.645000 0.258750 0.113333 0.187500
11 0.568333 0.176250 0.130000 0.147500
11 0.811667 0.670000 0.160000 0.245000
11 0.689167 0.606250 0.175000 0.262500
11 0.458333 0.626250 0.126667 0.162500
11 0.580833 0.597500 0.125000 0.135000
11 0.260833 0.737500 0.188333 0.425000
11 0.862500 0.501250 0.108333 0.212500
11 0.457500 0.331250 0.095000 0.182500
11 0.123333 0.496250 0.123333 0.192500
11 0.214167 0.402500 0.135000 0.195000
11 0.291667 0.086250 0.133333 0.142500
11 0.475000 0.482500 0.086667 0.110000
