5 0.646123 0.465929 0.125000 0.147135
5 0.770978 0.475043 0.122975 0.196615
5 0.710069 0.581380 0.112847 0.127170
5 0.190394 0.541667 0.178819 0.296007
5 0.389612 0.394531 0.151910 0.197049
5 0.277054 0.755642 0.162326 0.144097
5 0.100405 0.730252 0.189236 0.257378
5 0.915654 0.682075 0.137442 0.198351
5 0.818142 0.714627 0.088831 0.182726
5 0.882668 0.821615 0.110822 0.167535
5 0.552083 0.526042 0.104745 0.143229
5 0.370949 0.682075 0.147569 0.162760
5 0.507957 0.710503 0.133970 0.173611
5 0.408565 0.853516 0.144676 0.249566
5 0.458767 0.349609 0.090567 0.154948
5 0.662037 0.881944 0.165509 0.182292
5 0.939381 0.411458 0.062211 0.113715
5 0.865307 0.507378 0.074363 0.125868
5 0.910590 0.956163 0.083912 0.078993
