19 0.285141 0.459936 0.100402 0.298077
19 0.360442 0.078526 0.158635 0.137821
19 0.411647 0.328526 0.116466 0.150641
19 0.417671 0.548077 0.140562 0.294872
19 0.041165 0.608974 0.078313 0.384615
22 0.504016 0.506410 0.084337 0.269231
22 0.615462 0.368590 0.046185 0.179487
22 0.182731 0.411859 0.076305 0.330128
19 0.105422 0.208333 0.070281 0.230769
22 0.480924 0.149038 0.054217 0.105769
19 0.337349 0.674679 0.088353 0.157051
22 0.560241 0.296474 0.036145 0.137821
19 0.439759 0.883013 0.080321 0.112179
