22 0.402500 0.205000 0.081250 0.275000
22 0.339687 0.352500 0.118125 0.083333
22 0.465625 0.307500 0.143750 0.111667
22 0.436875 0.581250 0.070000 0.210833
22 0.548750 0.682917 0.128750 0.262500
22 0.666875 0.701667 0.086250 0.250000
22 0.771875 0.526250 0.150000 0.147500
22 0.806562 0.682917 0.158125 0.194167
22 0.640625 0.395833 0.163750 0.241667
22 0.352187 0.426667 0.088125 0.076667
22 0.480625 0.392083 0.123750 0.092500
22 0.098750 0.144583 0.118750 0.155833
22 0.183438 0.120833 0.065625 0.110000
22 0.128750 0.033750 0.081250 0.065833
22 0.333437 0.120417 0.064375 0.120833
22 0.789375 0.306250 0.166250 0.140833
22 0.839063 0.816250 0.163125 0.112500
22 0.876563 0.928333 0.099375 0.138333
22 0.661563 0.502500 0.064375 0.115000
22 0.962187 0.913333 0.075625 0.161667
22 0.376250 0.479583 0.071250 0.050833
22 0.461562 0.470417 0.085625 0.050833
22 0.280000 0.122083 0.086250 0.117500
