21 0.333696 0.628750 0.161594 0.152500
21 0.148913 0.782500 0.296377 0.243750
21 0.803623 0.678750 0.327536 0.235000
21 0.562681 0.498125 0.180435 0.087500
21 0.567391 0.595938 0.126087 0.134375
21 0.324638 0.546250 0.150725 0.115000
21 0.422464 0.849375 0.092754 0.082500
21 0.569203 0.923125 0.103623 0.101250
21 0.451812 0.925312 0.093478 0.058125
22 0.226812 0.371563 0.243478 0.233125
22 0.502536 0.156562 0.280435 0.264375
22 0.681884 0.399375 0.398551 0.155000
21 0.819928 0.815000 0.302174 0.195000
