12 0.494350 0.358073 0.279661 0.135417
12 0.667373 0.505208 0.261299 0.125000
12 0.564972 0.677083 0.135593 0.281250
12 0.377119 0.835286 0.152542 0.277344
12 0.204802 0.223307 0.240113 0.196615
12 0.137712 0.650391 0.199153 0.282552
12 0.252119 0.602214 0.153955 0.246094
12 0.170198 0.866536 0.137006 0.165365
12 0.709040 0.183594 0.251412 0.143229
12 0.874294 0.293620 0.194915 0.186198
12 0.490819 0.825521 0.148305 0.218750
12 0.826271 0.101562 0.127119 0.171875
12 0.682203 0.674479 0.096045 0.221354
12 0.819209 0.595052 0.124294 0.174479
