1 0.288750 0.428125 0.045833 0.136250
1 0.350000 0.492188 0.076667 0.139375
1 0.414167 0.175937 0.075000 0.111875
1 0.665000 0.914687 0.095000 0.108125
1 0.754583 0.887188 0.087500 0.109375
1 0.504583 0.647188 0.117500 0.146875
1 0.873333 0.420938 0.085000 0.115625
1 0.398333 0.695312 0.081667 0.144375
1 0.418750 0.451250 0.075833 0.088750
1 0.599167 0.925625 0.063333 0.086250
1 0.500417 0.492812 0.067500 0.110625
1 0.335000 0.417812 0.043333 0.108125
1 0.807500 0.866250 0.083333 0.092500
1 0.893750 0.852812 0.100833 0.121875
1 0.943750 0.807500 0.097500 0.063750
1 0.433750 0.584375 0.045833 0.072500
1 0.577917 0.232500 0.045833 0.090000
