5 0.723911 0.822175 0.208715 0.197108
5 0.622849 0.635779 0.207250 0.227102
5 0.127060 0.689877 0.163310 0.185324
5 0.092274 0.463846 0.175760 0.262453
5 0.546320 0.892876 0.187477 0.205678
5 0.725009 0.952866 0.175760 0.094269
5 0.861955 0.886449 0.117173 0.167113
5 0.807030 0.465453 0.115709 0.156401
5 0.639692 0.478307 0.221897 0.156401
5 0.891249 0.268881 0.158184 0.198179
5 0.961003 0.181575 0.077993 0.239957
5 0.580740 0.194430 0.152325 0.132833
5 0.251556 0.055169 0.128158 0.109266
5 0.220432 0.310659 0.155254 0.193894
5 0.087880 0.266738 0.108385 0.189609
5 0.440498 0.201393 0.139876 0.138190
5 0.090809 0.908945 0.158184 0.160686
5 0.097766 0.460096 0.167704 0.227102
5 0.612962 0.046063 0.145002 0.091055
5 0.806664 0.319764 0.122300 0.164971
5 0.941230 0.529191 0.117539 0.159614
