11 0.854492 0.494528 0.087891 0.088919
11 0.685059 0.476060 0.083008 0.084815
11 0.620117 0.466484 0.035156 0.090287
11 0.257812 0.498632 0.046875 0.113543
11 0.329590 0.500000 0.059570 0.086183
11 0.418945 0.535568 0.070312 0.069767
11 0.472168 0.411081 0.051758 0.097127
11 0.541992 0.474692 0.064453 0.062927
11 0.278320 0.309850 0.115234 0.179207
11 0.909180 0.128591 0.177734 0.254446
11 0.658203 0.106019 0.177734 0.209302
11 0.291016 0.121067 0.263672 0.239398
11 0.321289 0.766074 0.109375 0.161423
11 0.139648 0.683995 0.277344 0.257182
11 0.664551 0.216142 0.315430 0.172367
11 0.684082 0.344733 0.110352 0.183311
11 0.840332 0.737346 0.147461 0.290014
11 0.742676 0.691518 0.110352 0.280438
11 0.485840 0.696306 0.155273 0.188782
11 0.440430 0.770178 0.253906 0.309166
11 0.572266 0.655267 0.173828 0.268126
11 0.457031 0.145007 0.052734 0.062927
11 0.520020 0.155951 0.073242 0.103967
11 0.517090 0.400821 0.040039 0.084815
11 0.589355 0.463064 0.043945 0.039672
11 0.771484 0.373461 0.082031 0.103967
11 0.201660 0.822845 0.124023 0.121751
11 0.428223 0.484952 0.047852 0.088919
