14 0.129076 0.276268 0.241848 0.230072
14 0.273777 0.194746 0.172554 0.262681
14 0.285326 0.438406 0.130435 0.235507
14 0.425951 0.499094 0.251359 0.161232
14 0.515625 0.639493 0.164402 0.268116
14 0.509511 0.308877 0.149457 0.103261
14 0.904212 0.504529 0.164402 0.298913
14 0.262908 0.608696 0.175272 0.199275
14 0.753397 0.092391 0.210598 0.181159
14 0.533967 0.388587 0.149457 0.219203
14 0.125679 0.637681 0.167120 0.163043
14 0.870245 0.731884 0.169837 0.134058
14 0.209239 0.709239 0.173913 0.179348
14 0.381114 0.732790 0.126359 0.132246
14 0.430707 0.111413 0.149457 0.135870
14 0.894701 0.246377 0.055707 0.112319
14 0.625000 0.627717 0.146739 0.251812
