14 0.456291 0.415049 0.364238 0.312298
14 0.581457 0.177994 0.254305 0.288026
14 0.845033 0.226537 0.309934 0.226537
14 0.855629 0.486246 0.288742 0.322006
14 0.613907 0.737864 0.268874 0.469256
14 0.126490 0.720874 0.128477 0.237864
14 0.048344 0.570388 0.094040 0.118123
14 0.066887 0.484628 0.083444 0.079288
14 0.221854 0.538835 0.144371 0.148867
14 0.270199 0.333333 0.127152 0.177994
14 0.348344 0.605178 0.121854 0.168285
14 0.145695 0.453074 0.082119 0.106796
14 0.419868 0.080906 0.166887 0.093851
14 0.054967 0.214401 0.107285 0.367314
