11 0.553704 0.850617 0.183796 0.298765
11 0.888657 0.474691 0.222685 0.196296
11 0.658449 0.402778 0.108565 0.162346
11 0.746759 0.427469 0.138426 0.159259
11 0.299421 0.122222 0.218287 0.243827
11 0.542245 0.256944 0.235880 0.209568
11 0.333102 0.546142 0.118519 0.209568
11 0.140856 0.591821 0.181250 0.279938
11 0.194444 0.287809 0.286111 0.183025
11 0.519676 0.521759 0.188889 0.151543
11 0.707870 0.769907 0.129167 0.373765
11 0.365278 0.724228 0.119907 0.120062
11 0.170949 0.779475 0.077083 0.131173
11 0.104051 0.096451 0.129861 0.152160
11 0.738079 0.115895 0.100231 0.108951
11 0.802546 0.336728 0.174537 0.092593
11 0.403241 0.341821 0.091667 0.089198
11 0.356134 0.252006 0.090046 0.086111
11 0.437153 0.177469 0.057176 0.159877
11 0.747569 0.566667 0.152083 0.133333
