23 0.527344 0.318824 0.157812 0.407059
23 0.270313 0.495294 0.375000 0.190588
23 0.750781 0.395294 0.292187 0.263529
23 0.925781 0.225882 0.148438 0.447059
23 0.942969 0.776471 0.114062 0.381176
23 0.442969 0.668235 0.198437 0.343529
23 0.697656 0.803529 0.260937 0.247059
23 0.364063 0.265882 0.209375 0.329412
23 0.223438 0.197647 0.181250 0.390588
23 0.123438 0.509412 0.243750 0.341176
23 0.082031 0.121176 0.160938 0.200000
23 0.582031 0.902353 0.235937 0.190588
23 0.357031 0.932941 0.201563 0.134118
