0 0.819973 0.419712 0.229620 0.125962
0 0.180027 0.438462 0.177989 0.115385
0 0.346467 0.568269 0.290761 0.096154
0 0.351902 0.661058 0.326087 0.133654
0 0.394701 0.073558 0.104620 0.120192
0 0.783288 0.145192 0.183424 0.121154
0 0.906929 0.087500 0.126359 0.167308
0 0.718750 0.258173 0.228261 0.097115
0 0.532609 0.300962 0.152174 0.146154
0 0.333560 0.065865 0.107337 0.129808
0 0.676630 0.929808 0.282609 0.140385
0 0.476902 0.768750 0.076087 0.187500
0 0.364130 0.470192 0.149457 0.157692
0 0.346467 0.878846 0.222826 0.076923
0 0.389946 0.950000 0.230978 0.092308
0 0.692255 0.305288 0.101902 0.070192
0 0.361413 0.306731 0.144022 0.082692
0 0.526495 0.077404 0.153533 0.124038
0 0.656250 0.190865 0.103261 0.089423
0 0.076087 0.403365 0.149457 0.093269
0 0.686141 0.632212 0.309783 0.141346
