23 0.279687 0.518744 0.235625 0.173383
23 0.559375 0.648079 0.150000 0.177132
23 0.630313 0.332709 0.108125 0.256795
23 0.454062 0.381443 0.133125 0.260544
23 0.396250 0.105904 0.133750 0.209934
23 0.718437 0.558575 0.135625 0.223055
23 0.877812 0.250703 0.106875 0.280225
23 0.935000 0.103561 0.130000 0.192127
23 0.744375 0.406279 0.123750 0.188379
23 0.106250 0.536082 0.172500 0.232427
23 0.205937 0.087160 0.120625 0.172446
23 0.341250 0.895033 0.131250 0.206186
23 0.516250 0.126992 0.151250 0.233365
23 0.550000 0.390815 0.153750 0.253046
23 0.192188 0.299906 0.120625 0.209934
23 0.444063 0.625117 0.129375 0.209934
