1 0.446895 0.469822 0.233660 0.521752
1 0.808211 0.431832 0.100082 0.318934
1 0.641953 0.715993 0.302696 0.259804
1 0.516340 0.908241 0.339869 0.183517
1 0.198325 0.727175 0.308415 0.178615
1 0.496936 0.780944 0.142565 0.438113
1 0.799837 0.772518 0.114379 0.246017
1 0.280025 0.105852 0.497141 0.203738
1 0.774101 0.106618 0.451797 0.145221
1 0.250408 0.322917 0.373366 0.198529
1 0.240605 0.575521 0.272059 0.285233
1 0.284722 0.915288 0.148693 0.169424
1 0.606822 0.403033 0.170343 0.081801
1 0.627655 0.531710 0.171977 0.159620
1 0.814951 0.931526 0.115196 0.130208
1 0.092933 0.814032 0.170343 0.107230
1 0.634804 0.266850 0.189542 0.157475
1 0.912786 0.921722 0.141748 0.149816
1 0.184028 0.868719 0.140114 0.081189
1 0.356209 0.693015 0.133987 0.174020
1 0.691789 0.466759 0.247958 0.099571
1 0.578840 0.081036 0.124183 0.161458
