11 0.195000 0.202500 0.054444 0.100000
11 0.142222 0.281667 0.054444 0.066667
11 0.333333 0.721667 0.130000 0.120000
11 0.146389 0.770833 0.183889 0.138333
11 0.099444 0.600417 0.075556 0.069167
11 0.113611 0.488333 0.057222 0.065000
11 0.088056 0.550417 0.042778 0.050833
11 0.352222 0.506667 0.075556 0.130000
11 0.561111 0.067083 0.063333 0.132500
11 0.480833 0.516250 0.059444 0.039167
11 0.083889 0.390833 0.065556 0.100000
11 0.251389 0.557083 0.049444 0.080833
11 0.461944 0.682500 0.072778 0.110000
11 0.563889 0.362083 0.110000 0.082500
11 0.558611 0.295833 0.062778 0.050000
11 0.599167 0.190000 0.129444 0.091667
11 0.405556 0.273333 0.065556 0.065000
11 0.361389 0.322083 0.060556 0.075833
11 0.433611 0.345417 0.097222 0.090833
11 0.494167 0.847083 0.055000 0.072500
11 0.563611 0.892500 0.075000 0.060000
11 0.492778 0.155833 0.085556 0.098333
11 0.140833 0.399167 0.021667 0.045000
11 0.467500 0.490833 0.036111 0.040000
11 0.455278 0.620000 0.055000 0.041667
11 0.508056 0.657500 0.041667 0.040000
11 0.540556 0.961250 0.041111 0.075833
11 0.129722 0.205417 0.035000 0.052500
