11 0.390922 0.426758 0.134700 0.060547
11 0.079795 0.223145 0.115666 0.106445
11 0.478770 0.272949 0.163982 0.083008
11 0.645681 0.806641 0.087848 0.105469
11 0.592240 0.466309 0.083455 0.098633
11 0.580527 0.156738 0.174231 0.192383
11 0.695461 0.280273 0.234261 0.097656
11 0.747438 0.491211 0.247438 0.060547
11 0.482430 0.656250 0.156662 0.095703
11 0.537335 0.764648 0.266471 0.097656
11 0.285505 0.839844 0.196193 0.111328
11 0.725476 0.708008 0.080527 0.103516
11 0.926061 0.557129 0.139092 0.106445
11 0.833821 0.695312 0.101025 0.126953
11 0.764275 0.551270 0.158126 0.133789
11 0.451684 0.691406 0.089312 0.062500
11 0.093704 0.408691 0.070278 0.061523
11 0.032211 0.894043 0.061493 0.055664
11 0.229868 0.902832 0.125915 0.077148
11 0.437042 0.887207 0.109810 0.059570
11 0.415813 0.974121 0.067350 0.051758
11 0.620059 0.677734 0.083455 0.054688
11 0.452416 0.349121 0.081991 0.055664
11 0.372621 0.312500 0.150805 0.125000
11 0.915813 0.663574 0.054173 0.055664
11 0.771596 0.813965 0.111274 0.081055
11 0.283309 0.752441 0.183016 0.040039
