11 0.258333 0.302181 0.103333 0.099688
11 0.295000 0.408100 0.123333 0.074766
11 0.338333 0.211838 0.143333 0.186916
11 0.276667 0.546729 0.126667 0.121495
11 0.658333 0.750779 0.116667 0.186916
11 0.118333 0.680685 0.196667 0.115265
11 0.438333 0.817757 0.123333 0.115265
11 0.543333 0.884735 0.113333 0.155763
11 0.646667 0.926791 0.113333 0.127726
11 0.193333 0.378505 0.100000 0.077882
11 0.536667 0.610592 0.153333 0.080997
11 0.718333 0.610592 0.110000 0.080997
11 0.733333 0.339564 0.073333 0.112150
11 0.480000 0.506231 0.106667 0.133956
11 0.475000 0.406542 0.110000 0.109034
