20 0.308125 0.635333 0.138250 0.387333
20 0.689000 0.528333 0.117500 0.175333
20 0.448625 0.422000 0.166250 0.235333
20 0.567625 0.547667 0.057250 0.252667
20 0.125375 0.460167 0.096750 0.234333
10 0.196625 0.312333 0.087750 0.151333
20 0.264000 0.219833 0.076000 0.153667
10 0.456750 0.171500 0.158000 0.190333
10 0.538125 0.129667 0.188750 0.252667
20 0.150250 0.083500 0.158000 0.166333
10 0.637750 0.700500 0.112000 0.229000
10 0.747500 0.714500 0.141000 0.220333
10 0.717250 0.930167 0.076000 0.139667
20 0.463125 0.652667 0.119250 0.254000
10 0.826500 0.538833 0.109000 0.109667
10 0.900750 0.885500 0.141000 0.106333
10 0.786250 0.295167 0.146000 0.183667
10 0.240625 0.411833 0.120750 0.223667
