10 0.623333 0.457118 0.106667 0.361921
10 0.797778 0.396226 0.224444 0.195540
10 0.834444 0.643225 0.093333 0.246998
10 0.640556 0.709262 0.185556 0.210978
10 0.411667 0.536021 0.176667 0.142367
10 0.467222 0.798456 0.183333 0.234991
10 0.829444 0.846484 0.214444 0.228130
10 0.738333 0.898799 0.163333 0.202401
10 0.258889 0.385077 0.113333 0.403087
10 0.412222 0.281304 0.111111 0.253859
10 0.160556 0.724700 0.147778 0.252144
10 0.310000 0.846484 0.142222 0.159520
10 0.519444 0.322470 0.176667 0.209262
10 0.094444 0.898799 0.146667 0.109777
10 0.586111 0.867067 0.101111 0.265866
10 0.341667 0.737564 0.172222 0.120069
10 0.071111 0.723842 0.140000 0.192110
10 0.637222 0.217839 0.090000 0.250429
10 0.176111 0.094340 0.094444 0.092624
10 0.885000 0.576329 0.230000 0.195540
