24 0.170000 0.583125 0.216667 0.266250
24 0.450000 0.785625 0.150000 0.258750
24 0.233333 0.793750 0.203333 0.192500
24 0.363333 0.867500 0.126667 0.220000
24 0.766667 0.601875 0.180000 0.233750
24 0.840833 0.718125 0.181667 0.211250
24 0.568333 0.530625 0.223333 0.178750
24 0.568333 0.651250 0.163333 0.152500
24 0.932500 0.523125 0.128333 0.193750
24 0.383333 0.485625 0.103333 0.121250
24 0.557500 0.833750 0.168333 0.287500
24 0.218333 0.311250 0.153333 0.102500
24 0.220000 0.413125 0.153333 0.106250
25 0.753333 0.295625 0.140000 0.131250
25 0.507500 0.162500 0.091667 0.085000
25 0.080833 0.296250 0.131667 0.100000
24 0.042500 0.663750 0.078333 0.147500
