14 0.301500 0.671333 0.115000 0.158667
14 0.544000 0.696000 0.144000 0.216000
14 0.550500 0.522667 0.131000 0.117333
14 0.422500 0.433333 0.117000 0.138667
14 0.345500 0.432000 0.061000 0.098667
14 0.285000 0.422667 0.074000 0.125333
14 0.237000 0.544000 0.120000 0.157333
14 0.566500 0.406000 0.117000 0.100000
14 0.516000 0.333333 0.070000 0.138667
14 0.596000 0.319333 0.090000 0.126667
14 0.735500 0.328000 0.125000 0.114667
14 0.757500 0.416000 0.143000 0.090667
14 0.835500 0.355333 0.069000 0.078667
14 0.754000 0.558667 0.156000 0.104000
14 0.856000 0.569333 0.074000 0.106667
14 0.835500 0.692000 0.099000 0.157333
14 0.474500 0.833333 0.185000 0.170667
14 0.298000 0.834000 0.176000 0.174667
14 0.115000 0.691333 0.110000 0.140000
14 0.075000 0.569333 0.092000 0.112000
14 0.036500 0.712000 0.071000 0.154667
14 0.190500 0.494667 0.059000 0.104000
14 0.181500 0.402000 0.087000 0.084000
14 0.506000 0.199333 0.076000 0.140000
14 0.426000 0.084667 0.136000 0.116000
14 0.137000 0.302000 0.072000 0.100000
14 0.199500 0.078000 0.087000 0.108000
14 0.600000 0.792000 0.068000 0.093333
14 0.620000 0.907333 0.084000 0.142667
14 0.704500 0.870667 0.097000 0.138667
14 0.719000 0.739333 0.110000 0.110667
14 0.211500 0.160000 0.075000 0.061333
14 0.146500 0.170667 0.057000 0.088000
14 0.693000 0.128667 0.102000 0.062667
14 0.743500 0.251333 0.073000 0.100000
14 0.800500 0.178000 0.077000 0.062667
14 0.377500 0.927333 0.139000 0.145333
14 0.809500 0.803333 0.067000 0.148000
14 0.414500 0.534667 0.143000 0.101333
14 0.668000 0.063333 0.074000 0.124000
