25 0.7347457627118644 0.677710843373494 0.2423728813559322 0.608433734939759
25 0.45677966101694917 0.34487951807228917 0.2627118644067797 0.34036144578313254
25 0.3288135593220339 0.15813253012048192 0.34576271186440677 0.2620481927710843
25 0.09576271186440678 0.40210843373493976 0.188135593220339 0.32228915662650603
25 0.2966101694915254 0.7424698795180723 0.2135593220338983 0.5150602409638554
25 0.48559322033898306 0.8283132530120482 0.19830508474576272 0.3433734939759036
25 0.5627118644067797 0.6265060240963856 0.19661016949152543 0.37349397590361444
25 0.9042372881355932 0.786144578313253 0.14745762711864407 0.42168674698795183
25 0.8677966101694915 0.5210843373493976 0.19661016949152543 0.37349397590361444
25 0.7661016949152543 0.2605421686746988 0.18983050847457628 0.19578313253012047
25 0.5949152542372881 0.11746987951807229 0.17288135593220338 0.12048192771084337
