14 0.134766 0.623762 0.121094 0.164074
14 0.119629 0.479491 0.125977 0.178218
14 0.041992 0.603253 0.082031 0.188119
14 0.214355 0.086280 0.055664 0.166902
14 0.046875 0.069307 0.091797 0.135785
14 0.165527 0.916549 0.129883 0.161245
14 0.337891 0.613154 0.132812 0.117397
14 0.062500 0.913720 0.078125 0.172560
14 0.063477 0.188826 0.103516 0.210750
14 0.360840 0.517680 0.088867 0.093352
14 0.417480 0.621641 0.059570 0.103253
14 0.430664 0.412306 0.070312 0.111740
14 0.275391 0.207921 0.060547 0.050919
14 0.376465 0.178218 0.047852 0.138614
14 0.594238 0.221358 0.055664 0.094767
14 0.785645 0.231259 0.061523 0.091938
14 0.834473 0.234795 0.069336 0.090523
14 0.639160 0.212164 0.057617 0.079208
14 0.723633 0.129420 0.072266 0.049505
14 0.638672 0.043140 0.042969 0.055163
14 0.769043 0.056577 0.071289 0.042433
14 0.947754 0.040311 0.086914 0.046676
14 0.638184 0.392504 0.047852 0.083451
14 0.667480 0.334512 0.049805 0.063649
14 0.560547 0.387553 0.048828 0.073550
14 0.594238 0.345827 0.055664 0.072136
14 0.615723 0.539604 0.071289 0.072136
14 0.559082 0.497171 0.057617 0.049505
14 0.651855 0.619519 0.045898 0.082037
14 0.677246 0.664781 0.043945 0.093352
14 0.731445 0.659123 0.066406 0.099010
14 0.858887 0.598303 0.059570 0.042433
14 0.819336 0.714993 0.042969 0.077793
14 0.903809 0.765205 0.069336 0.198020
14 0.617188 0.743989 0.113281 0.141443
14 0.537598 0.724187 0.034180 0.062235
14 0.449219 0.843706 0.087891 0.185290
14 0.619141 0.859264 0.111328 0.106082
14 0.695801 0.817539 0.069336 0.121641
14 0.527832 0.354314 0.051758 0.125884
14 0.832031 0.823904 0.044922 0.057992
14 0.932129 0.437765 0.032227 0.066478
14 0.679199 0.522631 0.063477 0.100424
14 0.848633 0.036775 0.060547 0.070721
14 0.957031 0.586280 0.048828 0.046676
14 0.780273 0.927157 0.085938 0.089109
14 0.812988 0.595474 0.034180 0.082037
14 0.041504 0.343706 0.055664 0.070721
