14 0.332031 0.569318 0.273438 0.447727
14 0.128906 0.661364 0.142578 0.436364
14 0.270508 0.244318 0.169922 0.284091
14 0.609863 0.562500 0.194336 0.252273
14 0.745605 0.578409 0.112305 0.261364
14 0.705078 0.359091 0.148438 0.245455
14 0.797852 0.302273 0.060547 0.222727
14 0.769531 0.782955 0.140625 0.352273
14 0.866699 0.737500 0.098633 0.306818
14 0.110840 0.338636 0.122070 0.204545
14 0.158691 0.259091 0.073242 0.322727
14 0.554688 0.185227 0.103516 0.206818
14 0.973145 0.344318 0.053711 0.184091
14 0.831055 0.152273 0.117188 0.245455
14 0.961914 0.843182 0.076172 0.263636
