12 0.428002 0.431577 0.213848 0.192402
12 0.259957 0.538194 0.164522 0.113971
12 0.202665 0.462010 0.204963 0.116013
12 0.556526 0.539828 0.103248 0.198938
12 0.647672 0.603962 0.137255 0.234069
12 0.751838 0.578636 0.127451 0.256944
12 0.756127 0.385212 0.196078 0.179739
12 0.850950 0.580882 0.182292 0.183824
12 0.852022 0.454044 0.208946 0.110703
12 0.582108 0.200776 0.115196 0.287990
12 0.698836 0.259395 0.176471 0.164216
12 0.268382 0.926062 0.117034 0.147876
12 0.323223 0.790033 0.078431 0.135621
