12 0.558000 0.613000 0.088000 0.238000
12 0.391000 0.544000 0.210000 0.116000
12 0.741000 0.617000 0.194000 0.182000
12 0.886000 0.778000 0.136000 0.256000
12 0.488000 0.902000 0.144000 0.196000
12 0.314000 0.819000 0.136000 0.106000
12 0.311000 0.213000 0.194000 0.154000
12 0.761000 0.233000 0.186000 0.094000
12 0.413000 0.395000 0.250000 0.086000
12 0.417000 0.762000 0.194000 0.100000
12 0.884000 0.353000 0.168000 0.054000
12 0.389000 0.328000 0.222000 0.172000
12 0.936000 0.162000 0.128000 0.168000
12 0.804000 0.145000 0.180000 0.110000
12 0.563000 0.085000 0.210000 0.106000
