12 0.326250 0.329096 0.093750 0.191149
12 0.221562 0.313089 0.138125 0.168550
12 0.524375 0.359699 0.090000 0.105461
12 0.693438 0.448682 0.134375 0.095104
12 0.740625 0.579096 0.076250 0.126177
12 0.906875 0.481638 0.067500 0.202448
12 0.815000 0.682674 0.058750 0.163842
12 0.590313 0.198211 0.068125 0.112053
12 0.491875 0.182674 0.063750 0.105461
12 0.394062 0.066855 0.074375 0.105461
12 0.328750 0.196798 0.085000 0.086629
12 0.707187 0.092279 0.133125 0.111111
12 0.948750 0.241525 0.090000 0.147834
12 0.814063 0.154426 0.128125 0.158192
12 0.615000 0.639831 0.036250 0.098870
12 0.579063 0.368644 0.061875 0.096987
12 0.775625 0.351695 0.060000 0.089454
