12 0.173342 0.296607 0.116395 0.112193
12 0.270338 0.363789 0.083438 0.135707
12 0.315394 0.425260 0.092616 0.153174
12 0.273050 0.575747 0.158949 0.124958
12 0.271172 0.662916 0.176053 0.082969
12 0.650605 0.828351 0.272424 0.153174
12 0.370254 0.752267 0.154777 0.071549
12 0.439716 0.629829 0.088444 0.090695
12 0.566124 0.588680 0.110138 0.108498
12 0.468085 0.503191 0.105131 0.153846
12 0.625991 0.498153 0.165624 0.088008
12 0.480184 0.351360 0.142678 0.123614
12 0.665624 0.325831 0.161452 0.098757
12 0.500834 0.268559 0.143930 0.096406
12 0.399249 0.822136 0.118481 0.066174
12 0.490196 0.758650 0.074259 0.091031
12 0.545265 0.709439 0.063413 0.102788
12 0.405298 0.552906 0.165624 0.077931
12 0.214226 0.496641 0.154777 0.082298
12 0.209011 0.411488 0.122653 0.100773
12 0.676053 0.699698 0.130580 0.070541
12 0.683354 0.610850 0.099291 0.113873
12 0.778682 0.633188 0.172299 0.058448
12 0.673967 0.271750 0.198999 0.098757
12 0.549437 0.188781 0.098456 0.108163
12 0.528577 0.117400 0.123488 0.073564
12 0.675219 0.172489 0.142261 0.082298
12 0.614727 0.099933 0.064664 0.099765
12 0.350855 0.522674 0.107635 0.106147
12 0.405298 0.669466 0.098039 0.131004
12 0.758657 0.564830 0.102211 0.084313
