12 0.366000 0.443000 0.192000 0.226000
12 0.593000 0.385000 0.254000 0.170000
12 0.330000 0.643000 0.220000 0.150000
12 0.514000 0.686000 0.164000 0.112000
12 0.549000 0.891000 0.090000 0.214000
12 0.226000 0.903000 0.244000 0.114000
12 0.931000 0.729000 0.134000 0.086000
12 0.142000 0.732000 0.132000 0.104000
12 0.065000 0.761000 0.054000 0.114000
12 0.637000 0.612000 0.078000 0.068000
12 0.902000 0.862000 0.128000 0.136000
12 0.041000 0.254000 0.078000 0.124000
12 0.801000 0.217000 0.070000 0.098000
12 0.663000 0.090000 0.058000 0.096000
12 0.481000 0.259000 0.126000 0.034000
12 0.123000 0.433000 0.134000 0.086000
12 0.261000 0.247000 0.082000 0.074000
12 0.208000 0.241000 0.048000 0.058000
12 0.377000 0.873000 0.106000 0.194000
12 0.187000 0.815000 0.078000 0.094000
12 0.962000 0.659000 0.076000 0.102000
