12 0.568077 0.679856 0.173077 0.217266
12 0.755000 0.740288 0.283846 0.119424
12 0.120000 0.613669 0.186154 0.148201
12 0.324615 0.633813 0.129231 0.215827
12 0.387308 0.748561 0.139231 0.226619
12 0.591923 0.256835 0.133077 0.238849
12 0.722692 0.114029 0.263846 0.108633
12 0.841538 0.184892 0.244615 0.084892
12 0.767308 0.273741 0.103846 0.128777
12 0.151923 0.148201 0.179231 0.178417
12 0.369231 0.191727 0.161538 0.246763
12 0.393846 0.305755 0.166154 0.223022
12 0.213077 0.371223 0.283077 0.136691
12 0.293462 0.114388 0.097692 0.217266
12 0.241538 0.591727 0.092308 0.174820
12 0.210769 0.802158 0.298462 0.097842
12 0.840000 0.627338 0.280000 0.080576
12 0.735769 0.483813 0.106923 0.233813
12 0.667308 0.244245 0.119231 0.163309
