25 0.095588 0.876652 0.114706 0.246696
25 0.086029 0.704846 0.092647 0.083700
25 0.133088 0.541850 0.113235 0.211454
25 0.184559 0.710352 0.107353 0.090308
25 0.244853 0.821586 0.077941 0.088106
25 0.349265 0.814978 0.130882 0.167401
25 0.471324 0.798458 0.083824 0.143172
25 0.438971 0.708150 0.045588 0.099119
25 0.552206 0.693833 0.122059 0.140969
25 0.125000 0.308370 0.111765 0.048458
25 0.211765 0.214758 0.070588 0.174009
25 0.213235 0.378855 0.085294 0.162996
25 0.297794 0.346916 0.086765 0.068282
25 0.480882 0.439427 0.120588 0.218062
25 0.475000 0.284141 0.061765 0.061674
25 0.504412 0.155286 0.114706 0.178414
25 0.543382 0.287445 0.080882 0.055066
25 0.661029 0.273128 0.145588 0.140969
25 0.747794 0.226872 0.069118 0.114537
25 0.793382 0.441630 0.069118 0.143172
25 0.868382 0.187225 0.151471 0.149780
25 0.765441 0.701542 0.116176 0.116740
25 0.784559 0.843612 0.060294 0.136564
25 0.886029 0.741189 0.139706 0.147577
25 0.803676 0.618943 0.057353 0.158590
