24 0.426829 0.693141 0.346341 0.115523
24 0.284146 0.632671 0.392683 0.189531
24 0.348780 0.468412 0.156098 0.261733
24 0.778049 0.357401 0.214634 0.314079
24 0.784146 0.884477 0.246341 0.231047
24 0.869512 0.656137 0.260976 0.124549
24 0.445122 0.907942 0.309756 0.184116
24 0.129268 0.915162 0.253659 0.169675
24 0.062195 0.764440 0.119512 0.153430
25 0.162195 0.308664 0.319512 0.108303
25 0.517073 0.272563 0.336585 0.101083
25 0.500000 0.166065 0.253659 0.166065
25 0.526829 0.074007 0.287805 0.144404
25 0.758537 0.099278 0.121951 0.187726
24 0.264634 0.214801 0.314634 0.083032
24 0.297561 0.122744 0.214634 0.115523
24 0.504878 0.485560 0.263415 0.194946
