0 0.049419 0.176265 0.096512 0.349040
0 0.198837 0.121291 0.134884 0.239092
0 0.380814 0.136998 0.119767 0.270506
0 0.531395 0.133508 0.109302 0.263525
0 0.651163 0.151832 0.148837 0.300175
0 0.808140 0.150960 0.134884 0.298429
0 0.947093 0.163176 0.105814 0.322862
0 0.138372 0.364747 0.146512 0.499127
0 0.302907 0.428447 0.126744 0.420593
0 0.469186 0.440663 0.133721 0.399651
0 0.596512 0.426702 0.093023 0.357766
0 0.747674 0.422339 0.130233 0.446771
0 0.899419 0.410995 0.143023 0.434555
0 0.073837 0.749564 0.145349 0.500873
0 0.211628 0.783595 0.125581 0.397906
0 0.379651 0.756545 0.140698 0.434555
0 0.527326 0.758290 0.098837 0.375218
0 0.660465 0.754799 0.134884 0.396161
0 0.830233 0.743455 0.125581 0.401396
0 0.945930 0.764398 0.108140 0.446771
