19 0.234896 0.751389 0.342708 0.386111
15 0.410938 0.261111 0.186458 0.366667
15 0.177083 0.294444 0.293750 0.386111
15 0.601042 0.125694 0.150000 0.184722
15 0.570312 0.364583 0.098958 0.156944
15 0.643229 0.385417 0.086458 0.231944
15 0.681250 0.140278 0.120833 0.227778
15 0.814063 0.181250 0.042708 0.145833
15 0.923958 0.393750 0.135417 0.231944
15 0.723958 0.384028 0.087500 0.251389
15 0.832812 0.327083 0.048958 0.115278
15 0.932292 0.072917 0.118750 0.143056
15 0.768750 0.164583 0.068750 0.154167
15 0.834375 0.111806 0.143750 0.215278
