19 0.788125 0.465116 0.146250 0.382060
19 0.647500 0.471761 0.120000 0.455150
19 0.481875 0.240033 0.133750 0.287375
19 0.292500 0.728405 0.137500 0.387043
19 0.358125 0.475914 0.103750 0.197674
19 0.258750 0.210963 0.097500 0.172757
19 0.167500 0.274917 0.067500 0.184385
19 0.962500 0.574751 0.075000 0.362126
19 0.679375 0.137043 0.123750 0.237542
19 0.231250 0.522425 0.062500 0.200997
19 0.463750 0.806478 0.075000 0.127907
19 0.373750 0.176910 0.087500 0.184385
19 0.912500 0.877907 0.105000 0.244186
19 0.755625 0.701827 0.136250 0.240864
19 0.826250 0.911960 0.080000 0.166113
19 0.406250 0.843023 0.070000 0.141196
19 0.161250 0.051495 0.092500 0.099668
