11 0.556641 0.946615 0.121094 0.106771
11 0.268066 0.582031 0.075195 0.127604
11 0.699219 0.391276 0.093750 0.097656
11 0.798828 0.315755 0.091797 0.123698
11 0.792969 0.476562 0.093750 0.174479
11 0.159180 0.706380 0.126953 0.238281
11 0.317871 0.872396 0.241211 0.127604
11 0.603027 0.621745 0.141602 0.160156
11 0.421387 0.710286 0.221680 0.100260
11 0.320312 0.782552 0.085938 0.080729
11 0.422363 0.623698 0.075195 0.059896
11 0.621582 0.218750 0.067383 0.044271
11 0.613770 0.173177 0.081055 0.039062
11 0.690430 0.138672 0.050781 0.084635
