11 0.439453 0.306641 0.070312 0.069010
11 0.312500 0.953125 0.093750 0.093750
11 0.229492 0.688151 0.128906 0.092448
11 0.112305 0.813151 0.171875 0.180990
11 0.418457 0.686849 0.153320 0.149740
11 0.465820 0.835938 0.205078 0.203125
11 0.505371 0.492188 0.118164 0.067708
11 0.672852 0.490234 0.091797 0.113281
11 0.578125 0.586589 0.123047 0.113281
11 0.672363 0.648438 0.083008 0.158854
11 0.422363 0.231120 0.083008 0.032552
11 0.499512 0.185547 0.061523 0.053385
22 0.126953 0.242188 0.171875 0.447917
22 0.795898 0.843750 0.082031 0.226562
11 0.579590 0.394531 0.061523 0.070312
11 0.624023 0.421875 0.064453 0.098958
22 0.466797 0.129557 0.107422 0.100260
22 0.583984 0.073568 0.070312 0.084635
