11 0.507812 0.954427 0.117188 0.091146
11 0.446777 0.403646 0.131836 0.127604
11 0.602539 0.372396 0.099609 0.072917
22 0.475098 0.241536 0.079102 0.173177
22 0.327637 0.808594 0.143555 0.247396
11 0.667969 0.942708 0.107422 0.114583
11 0.704590 0.643229 0.071289 0.109375
11 0.217773 0.332682 0.150391 0.066406
11 0.153809 0.391276 0.186523 0.097656
11 0.484375 0.725260 0.101562 0.125000
11 0.537598 0.846354 0.081055 0.072917
11 0.639160 0.847005 0.081055 0.045573
11 0.646973 0.773438 0.084961 0.075521
11 0.546387 0.759766 0.073242 0.063802
11 0.458984 0.510417 0.166016 0.135417
11 0.593750 0.568359 0.046875 0.066406
11 0.707520 0.796224 0.108398 0.139323
22 0.165039 0.602865 0.214844 0.161458
22 0.140625 0.864583 0.160156 0.270833
11 0.633301 0.603516 0.034180 0.035156
11 0.635254 0.655599 0.041992 0.032552
11 0.549316 0.656250 0.059570 0.044271
22 0.304199 0.582682 0.083008 0.134115
22 0.298340 0.434896 0.108398 0.171875
22 0.559570 0.140625 0.066406 0.130208
22 0.814453 0.934896 0.080078 0.130208
