14 0.575216 0.475694 0.279762 0.235703
14 0.828598 0.269199 0.170725 0.366013
14 0.811959 0.610907 0.174784 0.339461
14 0.362419 0.805760 0.196699 0.375408
14 0.286120 0.384395 0.140422 0.226307
14 0.174513 0.580882 0.133658 0.188725
14 0.583604 0.679739 0.176948 0.329248
14 0.573458 0.892770 0.209145 0.149918
14 0.705763 0.719363 0.099297 0.304739
14 0.837798 0.816585 0.242154 0.317810
14 0.614042 0.315972 0.188041 0.131127
14 0.640287 0.210580 0.098755 0.154820
14 0.502029 0.201185 0.117695 0.256944
14 0.342397 0.105801 0.065747 0.172386
14 0.363636 0.259191 0.073052 0.127859
14 0.216180 0.934845 0.204004 0.130310
14 0.432630 0.093137 0.139610 0.182190
