25 0.455270 0.133987 0.099265 0.255719
25 0.628217 0.276348 0.158395 0.174428
25 0.811428 0.199755 0.094056 0.223856
25 0.886029 0.471201 0.098652 0.177696
25 0.801624 0.528595 0.109375 0.208333
25 0.284926 0.490605 0.084559 0.218137
25 0.465074 0.319444 0.112745 0.104575
25 0.444087 0.457312 0.130821 0.229167
25 0.369638 0.591708 0.073223 0.203023
25 0.273744 0.716299 0.097733 0.243056
25 0.636029 0.552900 0.115196 0.125408
25 0.557904 0.549224 0.081495 0.103350
25 0.613051 0.480392 0.106618 0.133170
25 0.932751 0.591095 0.090993 0.206699
25 0.702053 0.749592 0.100797 0.203431
25 0.590380 0.801879 0.099877 0.122549
25 0.501838 0.925449 0.074142 0.144199
25 0.195466 0.855596 0.109681 0.182598
25 0.072917 0.829044 0.066176 0.127859
25 0.577053 0.715278 0.065257 0.084967
25 0.706495 0.309845 0.127451 0.080474
25 0.182904 0.680351 0.071691 0.150735
25 0.342065 0.850694 0.059743 0.181781
25 0.297028 0.922590 0.059743 0.065768
25 0.348346 0.954248 0.045956 0.088235
