12 0.572500 0.737333 0.223000 0.496000
12 0.657500 0.262667 0.207000 0.322667
12 0.327500 0.340000 0.309000 0.197333
12 0.153500 0.504000 0.133000 0.234667
12 0.363500 0.735333 0.139000 0.150667
12 0.891500 0.850667 0.193000 0.186667
12 0.896500 0.675333 0.073000 0.142667
12 0.719000 0.796667 0.148000 0.201333
12 0.429000 0.900667 0.084000 0.164000
12 0.416000 0.484667 0.128000 0.142667
12 0.191500 0.282667 0.115000 0.173333
12 0.946000 0.702667 0.074000 0.104000
12 0.361500 0.214667 0.161000 0.184000
12 0.102500 0.340000 0.115000 0.173333
