5 0.510312 0.670833 0.251875 0.208333
5 0.394688 0.490833 0.188125 0.293333
5 0.358438 0.773750 0.170625 0.289167
5 0.187188 0.481667 0.106875 0.208333
5 0.113125 0.580417 0.225000 0.177500
5 0.185000 0.691667 0.145000 0.205000
5 0.171250 0.881667 0.253750 0.198333
5 0.590938 0.845417 0.188125 0.215833
5 0.855625 0.704167 0.162500 0.178333
5 0.567813 0.305000 0.176875 0.141667
5 0.838125 0.499583 0.133750 0.164167
5 0.946562 0.397917 0.106875 0.140833
5 0.969375 0.254583 0.061250 0.110833
5 0.528125 0.162917 0.137500 0.177500
5 0.410625 0.187083 0.105000 0.200833
5 0.146250 0.328333 0.113750 0.151667
5 0.350313 0.317083 0.086875 0.160833
