19 0.477679 0.630952 0.068452 0.193452
19 0.609623 0.385417 0.155754 0.154762
19 0.391865 0.424851 0.077381 0.102679
19 0.465278 0.453125 0.087302 0.063988
19 0.766369 0.310268 0.137897 0.165179
22 0.540179 0.627976 0.068452 0.154762
19 0.377480 0.210565 0.098214 0.147321
19 0.283730 0.661458 0.121032 0.087798
19 0.495040 0.873512 0.055556 0.116071
19 0.545635 0.868304 0.033730 0.049107
19 0.570933 0.825149 0.028770 0.058036
19 0.624504 0.921131 0.102183 0.157738
19 0.086806 0.672619 0.066468 0.098214
19 0.452877 0.816220 0.056548 0.087798
