9 0.435000 0.752000 0.174000 0.325333
9 0.579000 0.614667 0.090000 0.253333
9 0.425000 0.518667 0.222000 0.173333
9 0.757000 0.373333 0.122000 0.117333
9 0.127000 0.313333 0.186000 0.200000
9 0.325000 0.330667 0.110000 0.229333
9 0.735000 0.772000 0.150000 0.237333
9 0.843000 0.856000 0.098000 0.250667
9 0.906000 0.728000 0.188000 0.197333
9 0.490000 0.368000 0.168000 0.154667
9 0.157000 0.100000 0.194000 0.194667
9 0.319000 0.096000 0.122000 0.186667
9 0.601000 0.057333 0.162000 0.109333
9 0.970000 0.194667 0.060000 0.149333
9 0.921000 0.069333 0.102000 0.133333
9 0.878000 0.185333 0.096000 0.120000
9 0.417000 0.134667 0.066000 0.152000
9 0.657000 0.681333 0.102000 0.178667
9 0.785000 0.261333 0.102000 0.122667
9 0.635000 0.478667 0.122000 0.184000
9 0.642000 0.354667 0.096000 0.096000
9 0.698000 0.121333 0.056000 0.098667
