11 0.628034 0.413510 0.087706 0.071072
11 0.578113 0.663436 0.160924 0.113363
11 0.814017 0.563142 0.097103 0.121292
11 0.289742 0.279001 0.311668 0.096329
11 0.120987 0.457856 0.224745 0.111601
11 0.159554 0.607048 0.170321 0.179736
11 0.591817 0.572247 0.154659 0.135389
11 0.682459 0.340822 0.220830 0.129515
11 0.323610 0.670191 0.034847 0.035830
11 0.420125 0.700000 0.030540 0.028488
11 0.380188 0.605433 0.057948 0.054332
11 0.278974 0.548311 0.113156 0.059912
11 0.279366 0.435095 0.053641 0.055507
11 0.442052 0.327900 0.050901 0.041410
11 0.520360 0.328047 0.059514 0.039354
11 0.864135 0.460206 0.068128 0.044640
