5 0.330417 0.473750 0.110833 0.172500
5 0.286250 0.346875 0.125833 0.136250
5 0.404167 0.380625 0.108333 0.093750
5 0.314167 0.809375 0.156667 0.118750
5 0.264167 0.701250 0.083333 0.202500
5 0.182500 0.799375 0.130000 0.128750
5 0.111667 0.917500 0.090000 0.107500
5 0.035833 0.895000 0.070000 0.097500
5 0.490417 0.808125 0.044167 0.063750
5 0.527500 0.785000 0.046667 0.105000
5 0.544167 0.839375 0.063333 0.048750
5 0.619583 0.666250 0.099167 0.112500
5 0.675000 0.737500 0.065000 0.102500
5 0.799583 0.745625 0.065833 0.113750
5 0.787083 0.846250 0.049167 0.067500
5 0.892500 0.580625 0.076667 0.088750
5 0.806667 0.536875 0.101667 0.086250
5 0.702083 0.495625 0.082500 0.133750
5 0.776250 0.451250 0.090833 0.137500
5 0.374167 0.219375 0.096667 0.166250
5 0.457083 0.202500 0.110833 0.170000
5 0.458333 0.317500 0.106667 0.100000
5 0.591667 0.194375 0.075000 0.116250
5 0.549167 0.106250 0.091667 0.135000
5 0.715417 0.188125 0.062500 0.116250
5 0.577083 0.423750 0.059167 0.082500
5 0.846667 0.804375 0.090000 0.063750
5 0.064167 0.571250 0.076667 0.102500
5 0.039167 0.658750 0.063333 0.070000
5 0.278333 0.933750 0.070000 0.105000
5 0.279167 0.555625 0.095000 0.153750
5 0.349583 0.952500 0.075833 0.077500
5 0.595417 0.068750 0.065833 0.120000
5 0.778333 0.100000 0.093333 0.067500
5 0.871667 0.668750 0.058333 0.092500
