12 0.042870 0.791132 0.082240 0.179697
12 0.118110 0.683197 0.069991 0.094516
12 0.297900 0.818553 0.072616 0.155193
12 0.430009 0.830222 0.067367 0.110852
12 0.589239 0.809218 0.104112 0.110852
12 0.734471 0.865228 0.065617 0.152859
12 0.745407 0.616686 0.069991 0.155193
12 0.687227 0.385064 0.121610 0.093349
12 0.873578 0.602100 0.107612 0.105018
12 0.892826 0.343057 0.063867 0.140023
12 0.227472 0.563594 0.092738 0.147025
12 0.226159 0.124271 0.042870 0.122520
12 0.314961 0.315053 0.078740 0.135356
12 0.633858 0.098600 0.090114 0.071179
12 0.590551 0.086348 0.043745 0.093349
12 0.424322 0.513419 0.055993 0.130688
12 0.774278 0.870478 0.050744 0.093349
12 0.233596 0.757293 0.097988 0.109685
12 0.330271 0.653442 0.056868 0.105018
12 0.366579 0.712369 0.066492 0.120187
12 0.584427 0.715869 0.054243 0.127188
12 0.516623 0.823221 0.051619 0.120187
12 0.817585 0.638273 0.104112 0.116686
12 0.712161 0.152859 0.061242 0.084014
12 0.740157 0.182614 0.061242 0.080513
12 0.851269 0.301634 0.052493 0.089848
12 0.250219 0.212369 0.099738 0.079347
12 0.324147 0.149358 0.055118 0.086348
12 0.776028 0.402567 0.083990 0.060677
12 0.542870 0.444574 0.035871 0.077013
12 0.627734 0.488331 0.030621 0.080513
12 0.304024 0.488915 0.090114 0.088681
12 0.721785 0.522754 0.068241 0.074679
12 0.536745 0.212369 0.084864 0.058343
12 0.517498 0.274796 0.069116 0.068845
12 0.461067 0.443407 0.089239 0.053676
12 0.803150 0.832555 0.055993 0.052509
12 0.823272 0.802217 0.103237 0.066511
12 0.783027 0.754376 0.113736 0.075846
12 0.798338 0.562427 0.079615 0.098016
12 0.201662 0.162777 0.063867 0.082847
12 0.172791 0.267795 0.041120 0.113186
