24 0.693084 0.248214 0.129683 0.332143
24 0.736311 0.530357 0.239193 0.217857
24 0.868876 0.485714 0.152738 0.242857
24 0.289625 0.512500 0.112392 0.282143
24 0.474063 0.314286 0.141210 0.178571
24 0.525937 0.139286 0.135447 0.250000
24 0.146974 0.626786 0.190202 0.153571
24 0.080692 0.591071 0.155620 0.246429
24 0.453890 0.619643 0.170029 0.403571
24 0.208934 0.317857 0.239193 0.135714
25 0.546110 0.728571 0.158501 0.385714
25 0.296830 0.798214 0.132565 0.253571
25 0.690202 0.757143 0.193084 0.264286
25 0.350144 0.208929 0.089337 0.210714
24 0.090778 0.310714 0.175793 0.150000
24 0.335735 0.621429 0.152738 0.107143
25 0.840058 0.732143 0.100865 0.300000
25 0.938040 0.196429 0.123919 0.264286
25 0.384726 0.092857 0.141210 0.178571
