25 0.275000 0.299825 0.377500 0.256993
25 0.820625 0.535839 0.331250 0.218531
25 0.233125 0.687937 0.353750 0.344406
25 0.465000 0.631119 0.155000 0.325175
25 0.741250 0.816434 0.262500 0.367133
25 0.490000 0.901224 0.152500 0.197552
25 0.524375 0.202797 0.118750 0.402098
25 0.773125 0.292832 0.351250 0.316434
25 0.344375 0.142483 0.201250 0.281469
25 0.711250 0.131993 0.210000 0.260490
25 0.353125 0.875000 0.166250 0.250000
25 0.195625 0.389860 0.341250 0.216783
25 0.161250 0.519231 0.282500 0.132867
25 0.858750 0.636364 0.282500 0.223776
