26 0.092222 0.174912 0.180000 0.321555
26 0.112222 0.560071 0.148889 0.363958
26 0.353333 0.650177 0.288889 0.579505
26 0.751111 0.199647 0.311111 0.314488
26 0.595556 0.793286 0.217778 0.413428
26 0.548889 0.422261 0.226667 0.356890
26 0.816667 0.547703 0.242222 0.303887
26 0.386667 0.213781 0.102222 0.293286
26 0.794444 0.853357 0.206667 0.293286
26 0.945556 0.881625 0.104444 0.236749
26 0.704444 0.537102 0.142222 0.155477
26 0.536667 0.204947 0.144444 0.190813
26 0.915556 0.344523 0.168889 0.279152
