12 0.409496 0.283925 0.124629 0.212944
12 0.496291 0.438413 0.087537 0.141962
12 0.123145 0.410230 0.080119 0.152401
12 0.048220 0.477035 0.090504 0.118998
12 0.317507 0.068894 0.219585 0.133612
12 0.761869 0.324635 0.108309 0.181628
12 0.895401 0.475992 0.149852 0.116910
12 0.959941 0.284969 0.080119 0.206681
12 0.342730 0.782881 0.166172 0.125261
12 0.416172 0.917537 0.084570 0.164927
12 0.402819 0.606472 0.087537 0.169102
12 0.600890 0.917537 0.100890 0.068894
12 0.633531 0.679541 0.080119 0.127349
12 0.514837 0.325678 0.062315 0.141962
12 0.376113 0.421712 0.140950 0.104384
12 0.774481 0.457203 0.083086 0.070981
12 0.425816 0.464509 0.086053 0.098121
12 0.591988 0.725470 0.068249 0.068894
12 0.712908 0.375783 0.111276 0.100209
12 0.916172 0.368476 0.084570 0.135699
12 0.066024 0.867432 0.093472 0.085595
12 0.533383 0.526096 0.099407 0.129436
12 0.940653 0.609603 0.071217 0.137787
