5 0.227187 0.747655 0.159375 0.318949
5 0.411875 0.880863 0.205000 0.225141
5 0.646250 0.731707 0.257500 0.337711
5 0.861250 0.672608 0.185000 0.253283
5 0.815000 0.461538 0.163750 0.313321
5 0.178437 0.470450 0.149375 0.323640
5 0.219062 0.272983 0.194375 0.195122
5 0.056875 0.391182 0.112500 0.243902
5 0.215000 0.945591 0.202500 0.108818
5 0.652813 0.295497 0.094375 0.253283
5 0.345313 0.505159 0.199375 0.199812
5 0.516875 0.322233 0.052500 0.130394
5 0.612187 0.178236 0.173125 0.287054
5 0.535937 0.637899 0.095625 0.187617
5 0.430312 0.318949 0.154375 0.163227
5 0.388125 0.213884 0.210000 0.200750
5 0.392188 0.712008 0.135625 0.242026
5 0.742812 0.350844 0.143125 0.150094
5 0.850000 0.123358 0.080000 0.216698
