23 0.487558 0.698351 0.155671 0.201389
23 0.652344 0.597439 0.157118 0.235677
23 0.587529 0.484375 0.132234 0.259549
23 0.178675 0.367839 0.240451 0.203559
23 0.236111 0.211155 0.194444 0.220920
23 0.312645 0.417318 0.110243 0.240885
23 0.723669 0.767144 0.188079 0.148872
23 0.510706 0.811632 0.201968 0.113715
23 0.426939 0.516710 0.117766 0.141927
23 0.539062 0.384332 0.118056 0.183594
23 0.413918 0.332682 0.131076 0.245226
23 0.448351 0.908420 0.285012 0.183160
23 0.669271 0.917752 0.122106 0.132378
