12 0.156829 0.221708 0.102238 0.149177
12 0.087577 0.386060 0.074846 0.173354
12 0.490934 0.791667 0.103009 0.199588
12 0.586420 0.719650 0.078704 0.253086
12 0.550540 0.586163 0.111883 0.104424
12 0.563657 0.518261 0.084877 0.099280
12 0.492091 0.246399 0.127701 0.242798
12 0.633488 0.117027 0.182099 0.135288
12 0.350116 0.935185 0.162423 0.129630
12 0.297068 0.809156 0.150463 0.091564
12 0.530093 0.920010 0.097994 0.159979
12 0.608989 0.885288 0.065201 0.153292
12 0.693866 0.829218 0.177083 0.152263
12 0.246528 0.304270 0.111883 0.179527
12 0.315972 0.738169 0.119599 0.074074
12 0.102623 0.855967 0.077160 0.095679
12 0.469907 0.941615 0.072531 0.116770
12 0.623457 0.953961 0.053241 0.087963
12 0.438465 0.622171 0.073688 0.195988
12 0.161651 0.727366 0.061728 0.074074
12 0.147184 0.350566 0.055170 0.062243
12 0.650270 0.600823 0.063657 0.065844
12 0.634066 0.209619 0.028164 0.061214
12 0.678819 0.249228 0.062886 0.091049
12 0.925926 0.854424 0.061728 0.049383
