5 0.356563 0.791266 0.119375 0.227074
5 0.440000 0.679913 0.163750 0.149345
5 0.277813 0.668996 0.158125 0.151965
5 0.529062 0.581659 0.123125 0.122271
5 0.477500 0.496507 0.073750 0.147598
5 0.129062 0.817467 0.104375 0.213100
5 0.073125 0.679039 0.138750 0.128384
5 0.114375 0.602183 0.122500 0.098690
5 0.150938 0.482533 0.084375 0.165066
5 0.237813 0.440175 0.115625 0.101310
5 0.537188 0.292576 0.090625 0.148472
5 0.453125 0.201747 0.156250 0.104803
5 0.678125 0.646288 0.083750 0.137991
5 0.646563 0.543231 0.101875 0.089083
5 0.309063 0.275983 0.104375 0.101310
5 0.405000 0.365502 0.115000 0.082969
5 0.444688 0.292576 0.080625 0.111790
5 0.215938 0.165066 0.091875 0.132751
5 0.313437 0.180349 0.094375 0.095197
5 0.201875 0.639301 0.081250 0.167686
5 0.741250 0.593886 0.081250 0.069869
5 0.511563 0.364629 0.099375 0.079476
