12 0.206256 0.162260 0.078876 0.218750
12 0.092475 0.265925 0.174977 0.131611
12 0.193336 0.369892 0.179964 0.147236
12 0.259746 0.533353 0.267452 0.148438
12 0.586809 0.652344 0.419311 0.255409
12 0.800317 0.205228 0.228921 0.207332
12 0.783318 0.416767 0.218495 0.147236
12 0.620127 0.230469 0.159565 0.260216
12 0.531732 0.153846 0.098821 0.299279
12 0.585675 0.430589 0.190390 0.179688
12 0.485267 0.306190 0.129193 0.185697
12 0.369447 0.453425 0.097915 0.168870
12 0.346328 0.155649 0.107888 0.159856
12 0.771985 0.917067 0.130553 0.165865
12 0.521985 0.832933 0.185403 0.188702
12 0.273119 0.299579 0.109248 0.142428
12 0.901859 0.694712 0.196283 0.219952
12 0.936310 0.926683 0.125567 0.137019
12 0.476201 0.469952 0.081142 0.189904
12 0.345195 0.261418 0.131913 0.094952
