14 0.822500 0.580000 0.347500 0.363333
14 0.555625 0.572500 0.146250 0.278333
14 0.590625 0.320000 0.156250 0.266667
14 0.216250 0.697500 0.195000 0.318333
14 0.337500 0.569167 0.135000 0.155000
14 0.203125 0.480000 0.176250 0.113333
14 0.527500 0.802500 0.245000 0.245000
14 0.533125 0.218333 0.151250 0.156667
14 0.490000 0.385833 0.090000 0.095000
14 0.415625 0.286667 0.086250 0.116667
14 0.296250 0.840833 0.197500 0.271667
14 0.239375 0.315000 0.181250 0.310000
14 0.607500 0.870833 0.202500 0.211667
