5 0.238750 0.445122 0.207500 0.364916
5 0.469062 0.636961 0.259375 0.347092
5 0.215938 0.779081 0.263125 0.303002
5 0.762188 0.409944 0.310625 0.332083
5 0.174375 0.144465 0.176250 0.281426
5 0.393437 0.179174 0.235625 0.273921
5 0.386875 0.883208 0.153750 0.160413
5 0.510312 0.861163 0.180625 0.110694
5 0.778125 0.684803 0.055000 0.136961
5 0.684688 0.848030 0.165625 0.103189
5 0.615625 0.946060 0.088750 0.107880
5 0.747188 0.511257 0.053125 0.174484
5 0.817813 0.512664 0.104375 0.143527
5 0.623437 0.332083 0.108125 0.221388
5 0.445312 0.425422 0.170625 0.287992
