12 0.597812 0.286250 0.126875 0.237500
12 0.699375 0.425000 0.145000 0.135000
12 0.723437 0.134583 0.105625 0.262500
12 0.794375 0.259583 0.205000 0.192500
12 0.628750 0.698333 0.095000 0.210000
12 0.756250 0.792500 0.178750 0.296667
12 0.847187 0.715833 0.208125 0.105000
12 0.736250 0.585000 0.162500 0.175000
12 0.625313 0.843750 0.118125 0.255833
12 0.544063 0.446250 0.118125 0.189167
12 0.225938 0.389167 0.090625 0.105000
12 0.324062 0.436250 0.108125 0.087500
12 0.733750 0.887917 0.152500 0.224167
