14 0.334615 0.478076 0.252308 0.349574
14 0.472308 0.565773 0.155385 0.412911
14 0.658462 0.582217 0.212308 0.426309
14 0.685769 0.394641 0.176154 0.172960
14 0.580000 0.249695 0.192308 0.258222
14 0.423846 0.286845 0.181538 0.169306
14 0.248462 0.411693 0.186154 0.260658
14 0.241923 0.243605 0.208462 0.141291
14 0.117308 0.461632 0.102308 0.306943
14 0.100000 0.781973 0.144615 0.211937
14 0.585000 0.728380 0.145385 0.219245
14 0.841538 0.522533 0.115385 0.204629
14 0.264615 0.691230 0.135385 0.157125
14 0.325000 0.822777 0.143846 0.130329
14 0.520385 0.834957 0.168462 0.105968
14 0.710769 0.818514 0.170769 0.146163
14 0.446538 0.137637 0.154615 0.151035
14 0.928846 0.753350 0.142308 0.271620
14 0.690000 0.151035 0.146154 0.177832
