22 0.490000 0.307692 0.104444 0.307692
22 0.538889 0.518315 0.068889 0.084249
22 0.551111 0.569597 0.071111 0.084249
22 0.566667 0.655678 0.057778 0.124542
22 0.573333 0.793040 0.071111 0.106227
22 0.462222 0.556777 0.088889 0.131868
22 0.461111 0.646520 0.077778 0.098901
22 0.464444 0.714286 0.080000 0.117216
22 0.474444 0.882784 0.086667 0.109890
22 0.070000 0.747253 0.131111 0.117216
22 0.060000 0.611722 0.111111 0.124542
22 0.075556 0.496337 0.093333 0.098901
22 0.216667 0.787546 0.113333 0.153846
22 0.211111 0.617216 0.115556 0.157509
22 0.182222 0.521978 0.102222 0.135531
22 0.272222 0.097070 0.037778 0.164835
22 0.245556 0.181319 0.064444 0.054945
22 0.232222 0.232601 0.077778 0.047619
22 0.208889 0.304029 0.075556 0.073260
22 0.224444 0.406593 0.048889 0.065934
22 0.264444 0.430403 0.044444 0.091575
22 0.301111 0.324176 0.082222 0.054945
22 0.306667 0.263736 0.062222 0.058608
22 0.311111 0.829670 0.102222 0.091575
22 0.312222 0.734432 0.073333 0.106227
22 0.330000 0.655678 0.051111 0.080586
22 0.360000 0.564103 0.066667 0.146520
22 0.422222 0.804029 0.084444 0.106227
22 0.404444 0.734432 0.084444 0.091575
22 0.573333 0.390110 0.057778 0.054945
22 0.554444 0.316850 0.077778 0.084249
22 0.575556 0.228938 0.048889 0.113553
22 0.652222 0.155678 0.091111 0.201465
22 0.642222 0.285714 0.088889 0.065934
22 0.643333 0.342491 0.082222 0.047619
22 0.628889 0.386447 0.044444 0.032967
22 0.621111 0.514652 0.042222 0.113553
22 0.665556 0.443223 0.055556 0.153846
22 0.680000 0.564103 0.066667 0.065934
22 0.676667 0.644689 0.082222 0.073260
22 0.671111 0.732601 0.075556 0.073260
22 0.588889 0.730769 0.062222 0.047619
22 0.821111 0.470696 0.100000 0.113553
22 0.860000 0.340659 0.062222 0.124542
22 0.921111 0.265568 0.073333 0.164835
22 0.942222 0.388278 0.102222 0.065934
22 0.931111 0.481685 0.088889 0.106227
