4 0.325684 0.703776 0.211914 0.173177
4 0.532227 0.826172 0.128906 0.154948
4 0.601074 0.738932 0.122070 0.352865
4 0.629395 0.687500 0.100586 0.208333
4 0.204590 0.259766 0.149414 0.087240
4 0.125000 0.375000 0.125000 0.117188
4 0.451172 0.419271 0.265625 0.197917
4 0.708984 0.893229 0.101562 0.182292
4 0.765625 0.717448 0.179688 0.127604
4 0.805664 0.939453 0.142578 0.113281
4 0.385254 0.233073 0.110352 0.276042
4 0.128418 0.488281 0.110352 0.151042
4 0.071777 0.543620 0.141602 0.123698
4 0.199219 0.900391 0.087891 0.173177
4 0.570801 0.362630 0.131836 0.233073
4 0.489258 0.236979 0.111328 0.203125
4 0.128418 0.735677 0.129883 0.346354
4 0.162109 0.084635 0.134766 0.166667
