11 0.690755 0.763527 0.110677 0.208417
11 0.766927 0.493988 0.135417 0.150301
11 0.400391 0.869739 0.256510 0.224449
11 0.369792 0.434870 0.114583 0.224449
11 0.516276 0.156313 0.248698 0.300601
11 0.572917 0.465932 0.158854 0.150301
11 0.572266 0.289579 0.154948 0.250501
11 0.363932 0.656313 0.144531 0.158317
11 0.451172 0.415832 0.115885 0.202405
11 0.225260 0.756513 0.190104 0.350701
11 0.236328 0.355711 0.136719 0.302605
11 0.856120 0.466934 0.082031 0.088176
11 0.845703 0.354709 0.251302 0.176353
