22 0.070833 0.362539 0.121667 0.202518
22 0.754167 0.832109 0.108333 0.138510
22 0.287083 0.728751 0.124167 0.257083
22 0.305417 0.296432 0.120833 0.263379
22 0.360000 0.410283 0.161667 0.316894
22 0.658333 0.186254 0.140000 0.076600
22 0.772500 0.584995 0.158333 0.171039
22 0.677917 0.670514 0.254167 0.260231
22 0.624583 0.880902 0.240833 0.189927
7 0.457917 0.673137 0.179167 0.225603
22 0.237500 0.252361 0.151667 0.244491
22 0.637083 0.264953 0.109167 0.099685
22 0.040417 0.625393 0.079167 0.096537
22 0.829167 0.064008 0.136667 0.125918
22 0.739583 0.079224 0.065833 0.089192
22 0.712917 0.541448 0.315833 0.232949
