14 0.452692 0.640351 0.168462 0.221053
14 0.302692 0.545614 0.157692 0.121053
14 0.244615 0.149561 0.163077 0.183333
14 0.776923 0.653509 0.183077 0.300000
14 0.590769 0.561404 0.120000 0.161404
14 0.093077 0.645614 0.184615 0.196491
14 0.498462 0.391228 0.138462 0.178947
14 0.323462 0.325000 0.083846 0.090351
14 0.089231 0.414035 0.176923 0.145614
14 0.217308 0.458333 0.091538 0.153509
14 0.534231 0.233333 0.090000 0.092982
14 0.161154 0.325877 0.150000 0.106140
14 0.260385 0.665789 0.073077 0.149123
14 0.331923 0.653070 0.122308 0.146491
14 0.710769 0.396491 0.120000 0.096491
14 0.483846 0.224123 0.067692 0.121930
14 0.377692 0.785526 0.153846 0.120175
14 0.380000 0.250000 0.173846 0.082456
