14 0.446923 0.654171 0.153846 0.219306
14 0.316923 0.570291 0.127692 0.107779
14 0.447692 0.519681 0.160000 0.096532
14 0.567308 0.588566 0.102308 0.146204
14 0.723846 0.667760 0.167692 0.276476
14 0.676154 0.514995 0.129231 0.070291
14 0.133462 0.656514 0.165385 0.177132
14 0.115385 0.442830 0.172308 0.124649
14 0.266154 0.204780 0.133846 0.162137
14 0.483077 0.429241 0.123077 0.200562
14 0.378846 0.796157 0.131538 0.115276
14 0.243462 0.482662 0.082308 0.144330
14 0.474231 0.270384 0.074615 0.120900
14 0.336538 0.360825 0.063846 0.065604
14 0.376154 0.299438 0.127692 0.075914
14 0.673846 0.434864 0.101538 0.093721
14 0.600000 0.429709 0.046154 0.077788
14 0.344231 0.659325 0.099231 0.122774
14 0.282308 0.671040 0.070769 0.131209
14 0.520000 0.285848 0.075385 0.076851
