11 0.074074 0.440204 0.119929 0.183206
11 0.604938 0.639949 0.116402 0.190840
11 0.925044 0.657761 0.114638 0.165394
11 0.841270 0.608142 0.067019 0.122137
11 0.358907 0.307888 0.097002 0.101781
11 0.075838 0.617048 0.081129 0.155216
11 0.138448 0.829517 0.093474 0.132316
11 0.199295 0.652672 0.067019 0.155216
11 0.220459 0.408397 0.098765 0.170483
11 0.309524 0.106870 0.171076 0.167939
11 0.519400 0.052163 0.199295 0.099237
11 0.851852 0.131043 0.155203 0.119593
11 0.888007 0.353690 0.220459 0.305344
11 0.606702 0.337150 0.176367 0.216285
11 0.689594 0.381679 0.088183 0.173028
11 0.845679 0.893130 0.107584 0.213740
11 0.643739 0.801527 0.211640 0.203562
11 0.308642 0.877863 0.186949 0.244275
11 0.352734 0.726463 0.116402 0.129771
11 0.384480 0.591603 0.109347 0.104326
11 0.517637 0.589059 0.107584 0.104326
11 0.442681 0.800254 0.091711 0.272265
11 0.040564 0.924936 0.077601 0.150127
11 0.287478 0.469466 0.052910 0.048346
11 0.708995 0.647583 0.052910 0.073791
11 0.811287 0.769720 0.070547 0.119593
11 0.852734 0.469466 0.086420 0.073791
11 0.805115 0.413486 0.068783 0.150127
11 0.768959 0.125954 0.056437 0.114504
11 0.384480 0.194656 0.070547 0.058524
