14 0.470625 0.632500 0.198750 0.147500
14 0.335000 0.668750 0.070000 0.152500
14 0.365000 0.552500 0.097500 0.095000
14 0.271875 0.770000 0.096250 0.167500
14 0.389375 0.834375 0.163750 0.188750
14 0.171250 0.335000 0.102500 0.195000
14 0.305625 0.285000 0.126250 0.200000
14 0.420000 0.173125 0.172500 0.163750
14 0.448125 0.326250 0.133750 0.190000
14 0.481875 0.492500 0.088750 0.115000
14 0.038125 0.429375 0.073750 0.086250
14 0.065000 0.288750 0.125000 0.142500
14 0.573750 0.086875 0.122500 0.171250
14 0.695625 0.071875 0.098750 0.141250
14 0.771250 0.080625 0.117500 0.133750
14 0.391875 0.481875 0.113750 0.151250
