1 0.549316 0.334635 0.038086 0.138021
1 0.288574 0.514323 0.047852 0.161458
1 0.418945 0.451172 0.031250 0.170573
1 0.251465 0.749349 0.051758 0.100260
1 0.333008 0.919922 0.068359 0.079427
1 0.208984 0.864583 0.068359 0.093750
1 0.181641 0.912760 0.052734 0.122396
1 0.257324 0.193359 0.036133 0.095052
1 0.316895 0.305990 0.040039 0.119792
1 0.206055 0.399740 0.031250 0.098958
1 0.488281 0.819661 0.029297 0.097656
1 0.309082 0.812500 0.045898 0.111979
1 0.056641 0.263672 0.052734 0.097656
1 0.210938 0.511719 0.041016 0.132812
1 0.452148 0.445964 0.033203 0.139323
1 0.513672 0.335938 0.029297 0.135417
1 0.501465 0.468750 0.049805 0.153646
1 0.646484 0.369792 0.029297 0.104167
1 0.670898 0.377604 0.019531 0.111979
1 0.476074 0.798828 0.028320 0.089844
1 0.460938 0.759115 0.033203 0.072917
1 0.450684 0.727214 0.034180 0.074219
1 0.152344 0.944661 0.050781 0.110677
1 0.342773 0.095052 0.031250 0.088542
1 0.131836 0.224609 0.033203 0.061198
1 0.109863 0.380859 0.034180 0.069010
1 0.180664 0.521484 0.033203 0.113281
1 0.239746 0.422526 0.041992 0.136719
1 0.557617 0.859375 0.019531 0.106771
1 0.139160 0.384766 0.030273 0.079427
1 0.032227 0.138021 0.027344 0.078125
1 0.068359 0.144531 0.031250 0.080729
1 0.369141 0.294271 0.044922 0.091146
1 0.315430 0.482422 0.031250 0.084635
1 0.329102 0.869141 0.050781 0.089844
1 0.401855 0.446615 0.036133 0.169271
1 0.509766 0.095703 0.029297 0.105469
1 0.505859 0.835938 0.023438 0.106771
1 0.276367 0.754557 0.023438 0.097656
1 0.415527 0.288411 0.047852 0.100260
