12 0.145937 0.386614 0.165625 0.206299
12 0.271250 0.400394 0.108750 0.175591
12 0.236875 0.614961 0.100000 0.214173
12 0.121563 0.553937 0.136875 0.134646
12 0.307188 0.574409 0.104375 0.139370
12 0.347813 0.634646 0.116875 0.141732
12 0.381250 0.750000 0.082500 0.214961
12 0.608125 0.709055 0.107500 0.142520
12 0.705937 0.584252 0.136875 0.113386
12 0.523125 0.608268 0.122500 0.098425
12 0.474062 0.177559 0.131875 0.181890
12 0.507812 0.304724 0.093125 0.203150
12 0.435000 0.278346 0.075000 0.161417
12 0.576875 0.211811 0.057500 0.146457
12 0.685937 0.234252 0.105625 0.093701
12 0.589688 0.344882 0.045625 0.097638
12 0.804688 0.379921 0.088125 0.101575
12 0.450625 0.714961 0.098750 0.206299
12 0.463125 0.543701 0.100000 0.071654
12 0.544375 0.529134 0.110000 0.055118
12 0.388125 0.453937 0.063750 0.076378
12 0.500938 0.414961 0.083125 0.067717
12 0.604375 0.588976 0.052500 0.110236
12 0.643750 0.832677 0.100000 0.224409
12 0.809375 0.320079 0.087500 0.041732
