12 0.604375 0.092851 0.081250 0.184059
12 0.520000 0.202547 0.111250 0.191454
12 0.545625 0.425637 0.125000 0.131471
12 0.619687 0.299918 0.076875 0.123254
12 0.690312 0.331964 0.126875 0.100247
12 0.744687 0.679129 0.191875 0.148726
12 0.632500 0.849630 0.098750 0.167625
12 0.525937 0.764585 0.069375 0.191454
12 0.250312 0.788825 0.094375 0.225144
12 0.287813 0.603533 0.121875 0.127362
12 0.173437 0.237058 0.111875 0.224322
12 0.272188 0.506574 0.043125 0.130649
12 0.462813 0.292933 0.140625 0.063270
12 0.358125 0.345522 0.052500 0.107642
12 0.645000 0.127773 0.103750 0.198028
12 0.557187 0.585045 0.053125 0.106820
12 0.730938 0.516434 0.076875 0.110929
