1 0.426154 0.541697 0.118462 0.376737
1 0.238846 0.423189 0.228462 0.315289
1 0.226923 0.723482 0.146154 0.311631
1 0.422308 0.806511 0.138462 0.265545
1 0.652692 0.656181 0.122308 0.206291
1 0.506923 0.319312 0.286154 0.259693
1 0.761538 0.427579 0.116923 0.231895
1 0.761538 0.528164 0.163077 0.263350
1 0.746538 0.700439 0.074615 0.204097
1 0.525000 0.795903 0.074615 0.272129
1 0.061154 0.788222 0.079231 0.176298
1 0.568462 0.758961 0.123077 0.224579
1 0.549231 0.625457 0.126154 0.204828
1 0.359615 0.634967 0.093077 0.263350
1 0.585769 0.410022 0.220769 0.057791
1 0.278462 0.698976 0.093846 0.220190
1 0.203077 0.200073 0.250769 0.123628
1 0.590385 0.575347 0.082308 0.174835
1 0.650385 0.522677 0.080769 0.141185
1 0.806538 0.669349 0.153077 0.200439
