24 0.138688 0.507909 0.196798 0.155478
24 0.201705 0.627122 0.142045 0.105324
24 0.805785 0.390625 0.388430 0.203318
24 0.848140 0.242670 0.303719 0.237654
24 0.751291 0.809028 0.417872 0.125772
25 0.412190 0.224923 0.233471 0.258488
25 0.672779 0.048611 0.252583 0.096451
24 0.486054 0.639853 0.459711 0.140818
24 0.409866 0.784529 0.122417 0.172454
25 0.127066 0.150463 0.167355 0.178241
24 0.463326 0.424383 0.232438 0.215278
24 0.300620 0.708333 0.162190 0.110340
24 0.237603 0.943480 0.096074 0.113040
25 0.127583 0.797261 0.140496 0.268904
24 0.112087 0.399691 0.223140 0.071759
