12 0.425491 0.787037 0.096849 0.201389
12 0.545325 0.760802 0.152634 0.148920
12 0.573735 0.887731 0.090651 0.214506
12 0.651343 0.713156 0.106405 0.126929
12 0.775697 0.394869 0.124742 0.153164
12 0.689954 0.239198 0.120610 0.143519
12 0.531637 0.281057 0.072572 0.158565
12 0.359892 0.523534 0.066374 0.135802
12 0.279184 0.450424 0.062500 0.081404
12 0.198476 0.376543 0.100465 0.154321
12 0.103822 0.380401 0.100207 0.133488
12 0.189824 0.458912 0.121901 0.109182
12 0.103693 0.545332 0.093233 0.144676
12 0.324251 0.752122 0.073089 0.141590
12 0.185434 0.852816 0.095041 0.101466
12 0.441890 0.629823 0.106405 0.136188
12 0.890754 0.220486 0.070248 0.144676
12 0.305656 0.069830 0.056560 0.138889
12 0.449638 0.119213 0.180785 0.184414
12 0.521565 0.605131 0.138688 0.170910
12 0.587293 0.398727 0.092975 0.145448
12 0.950542 0.297647 0.071539 0.166281
12 0.153280 0.122878 0.069473 0.191744
