9 0.360000 0.522659 0.124444 0.283988
9 0.675000 0.218278 0.207778 0.285498
9 0.555000 0.085347 0.205556 0.167674
9 0.345556 0.078550 0.171111 0.154079
9 0.194444 0.493958 0.228889 0.268882
9 0.170000 0.780967 0.086667 0.287009
9 0.292222 0.856495 0.144444 0.277946
9 0.710000 0.934290 0.166667 0.131420
9 0.823889 0.888973 0.287778 0.122356
9 0.795556 0.718278 0.142222 0.240181
9 0.937222 0.777190 0.125556 0.086103
9 0.741667 0.366314 0.172222 0.149547
9 0.863333 0.282477 0.104444 0.244713
9 0.528333 0.379909 0.172222 0.116314
9 0.892778 0.444864 0.156667 0.200906
9 0.770000 0.501511 0.073333 0.265861
9 0.500556 0.653323 0.234444 0.176737
9 0.487778 0.234139 0.124444 0.256798
9 0.717222 0.604985 0.052222 0.170695
9 0.911667 0.583082 0.152222 0.108761
