9 0.538281 0.507707 0.492188 0.375723
9 0.266406 0.219653 0.164062 0.393064
9 0.253125 0.507707 0.165625 0.244701
9 0.134375 0.796724 0.171875 0.321773
9 0.771094 0.707129 0.232813 0.373796
9 0.132031 0.407514 0.139063 0.256262
9 0.758594 0.115607 0.185938 0.227360
9 0.035156 0.652216 0.051562 0.125241
9 0.143750 0.573218 0.221875 0.105973
9 0.657813 0.205202 0.159375 0.163776
9 0.819531 0.463391 0.142187 0.132948
9 0.931250 0.371869 0.137500 0.157996
9 0.687500 0.825626 0.200000 0.267823
9 0.925781 0.605973 0.148438 0.356455
9 0.049219 0.228324 0.095312 0.156069
9 0.924219 0.087669 0.151562 0.171484
