9 0.221111 0.304627 0.077778 0.110540
9 0.098889 0.330977 0.104444 0.057841
9 0.536667 0.365681 0.093333 0.168380
9 0.431111 0.377249 0.066667 0.104113
9 0.378333 0.289203 0.125556 0.087404
9 0.314444 0.235861 0.060000 0.047558
9 0.289444 0.295630 0.054444 0.107969
9 0.230000 0.235861 0.088889 0.044987
9 0.207778 0.176735 0.086667 0.047558
9 0.683333 0.392031 0.066667 0.161954
9 0.741111 0.447943 0.066667 0.152956
9 0.643333 0.309769 0.086667 0.102828
9 0.811111 0.562339 0.064444 0.091260
9 0.843333 0.621465 0.040000 0.168380
9 0.880556 0.493573 0.072222 0.077121
9 0.513889 0.680591 0.112222 0.093830
9 0.528333 0.607969 0.085556 0.071979
9 0.645556 0.704370 0.117778 0.120823
9 0.588333 0.820051 0.074444 0.154242
9 0.506667 0.859254 0.077778 0.096401
9 0.230000 0.847044 0.053333 0.149100
9 0.300556 0.802699 0.112222 0.080977
9 0.764444 0.375321 0.111111 0.133676
9 0.245000 0.364396 0.061111 0.134961
9 0.127778 0.817481 0.048889 0.105398
9 0.456111 0.911954 0.054444 0.088689
9 0.290556 0.651671 0.070000 0.084833
9 0.288333 0.526350 0.052222 0.086118
9 0.339444 0.510283 0.072222 0.123393
9 0.647778 0.582262 0.077778 0.069409
9 0.196111 0.683805 0.047778 0.059126
9 0.072222 0.737147 0.088889 0.057841
9 0.947778 0.266710 0.053333 0.129820
9 0.601111 0.194087 0.091111 0.051414
9 0.462222 0.154884 0.051111 0.078406
9 0.241111 0.945373 0.062222 0.091260
9 0.071111 0.821337 0.075556 0.120823
9 0.176667 0.367609 0.066667 0.105398
9 0.828333 0.379177 0.072222 0.100257
9 0.965556 0.206941 0.066667 0.084833
9 0.930000 0.089332 0.097778 0.068123
9 0.199444 0.899743 0.043333 0.087404
9 0.036111 0.750000 0.070000 0.073265
9 0.060556 0.562339 0.098889 0.050129
9 0.126667 0.513496 0.051111 0.073265
