14 0.628565 0.687813 0.177433 0.486366
14 0.736577 0.442960 0.217282 0.202560
14 0.611787 0.245687 0.142198 0.306622
14 0.488674 0.436839 0.278523 0.252643
14 0.882131 0.523651 0.182886 0.302727
14 0.314178 0.399833 0.119966 0.347802
14 0.304950 0.136338 0.129195 0.191430
14 0.144924 0.334446 0.200923 0.277129
14 0.783767 0.753478 0.160654 0.194769
14 0.497273 0.903172 0.158977 0.171397
14 0.457005 0.340846 0.171560 0.234279
14 0.243289 0.834725 0.084732 0.160267
14 0.697777 0.818030 0.080956 0.151363
14 0.483221 0.708403 0.071309 0.155815
14 0.348784 0.552588 0.134648 0.258208
14 0.273070 0.713133 0.104027 0.180857
14 0.745805 0.470228 0.107383 0.260434
