14 0.177917 0.297812 0.325833 0.163125
14 0.420000 0.322188 0.193333 0.089375
14 0.580417 0.226250 0.214167 0.138750
14 0.692083 0.322813 0.267500 0.128125
14 0.642917 0.444375 0.225833 0.103750
14 0.844583 0.441250 0.162500 0.177500
14 0.789583 0.635938 0.155833 0.163125
14 0.649583 0.719375 0.102500 0.113750
14 0.867083 0.840625 0.215833 0.186250
14 0.363333 0.727812 0.261667 0.215625
14 0.315833 0.548125 0.151667 0.137500
14 0.154167 0.465625 0.225000 0.132500
14 0.457083 0.437188 0.240833 0.106875
14 0.530833 0.839063 0.126667 0.194375
14 0.685417 0.862500 0.129167 0.198750
14 0.392500 0.892813 0.091667 0.113125
14 0.567500 0.625938 0.100000 0.079375
14 0.601250 0.546875 0.079167 0.078750
14 0.515833 0.529375 0.083333 0.066250
14 0.481250 0.585938 0.085833 0.055625
14 0.782500 0.950625 0.121667 0.096250
14 0.380417 0.237813 0.212500 0.079375
14 0.285417 0.445312 0.110833 0.100625
14 0.433750 0.549687 0.100833 0.068125
14 0.922500 0.587812 0.155000 0.104375
14 0.912917 0.662500 0.087500 0.056250
14 0.973333 0.658750 0.053333 0.058750
14 0.946250 0.712500 0.075833 0.057500
14 0.718333 0.549375 0.115000 0.095000
14 0.375833 0.975625 0.145000 0.048750
14 0.591667 0.974688 0.206667 0.050625
