12 0.438393 0.506667 0.173214 0.260000
12 0.580357 0.690000 0.178571 0.196667
12 0.685714 0.436667 0.214286 0.290000
12 0.842857 0.559167 0.314286 0.191667
12 0.271429 0.597500 0.207143 0.185000
12 0.499107 0.958333 0.173214 0.083333
12 0.677679 0.841667 0.105357 0.173333
12 0.272321 0.410833 0.133929 0.141667
12 0.058929 0.348333 0.114286 0.166667
12 0.485714 0.097500 0.150000 0.191667
12 0.158036 0.784167 0.148214 0.091667
12 0.341071 0.815000 0.128571 0.120000
12 0.270536 0.870000 0.180357 0.126667
12 0.157143 0.932500 0.103571 0.098333
12 0.051786 0.505833 0.100000 0.128333
12 0.866964 0.794167 0.148214 0.095000
12 0.912500 0.858333 0.150000 0.093333
12 0.314286 0.664167 0.121429 0.141667
