14 0.308594 0.470703 0.171875 0.360677
14 0.342773 0.241536 0.203125 0.134115
14 0.288574 0.082031 0.176758 0.161458
14 0.116211 0.174479 0.128906 0.234375
14 0.178223 0.366536 0.139648 0.256510
14 0.351074 0.891927 0.245117 0.213542
14 0.163086 0.858724 0.099609 0.279948
14 0.540039 0.195964 0.068359 0.128906
14 0.491211 0.167318 0.054688 0.105469
14 0.550781 0.110026 0.082031 0.061198
14 0.810547 0.367188 0.076172 0.091146
14 0.838379 0.307292 0.053711 0.065104
14 0.867676 0.370443 0.053711 0.097656
14 0.893555 0.830729 0.103516 0.166667
14 0.857422 0.931641 0.150391 0.082031
14 0.770996 0.796224 0.041992 0.115885
14 0.790527 0.696615 0.043945 0.106771
14 0.815430 0.796875 0.027344 0.085938
14 0.963379 0.866536 0.073242 0.167969
14 0.878906 0.660156 0.048828 0.098958
14 0.700684 0.819661 0.059570 0.061198
14 0.644531 0.850911 0.058594 0.063802
14 0.679688 0.727214 0.066406 0.076823
14 0.664062 0.656901 0.070312 0.079427
14 0.636719 0.731771 0.041016 0.091146
14 0.533691 0.656250 0.065430 0.067708
14 0.270020 0.689453 0.124023 0.115885
14 0.327637 0.748047 0.086914 0.105469
14 0.553711 0.755859 0.041016 0.053385
14 0.607910 0.768229 0.047852 0.062500
14 0.530762 0.906901 0.081055 0.058594
14 0.571289 0.870443 0.042969 0.058594
14 0.672852 0.526693 0.058594 0.050781
14 0.739746 0.672526 0.057617 0.074219
14 0.728516 0.614583 0.056641 0.049479
14 0.621094 0.544922 0.058594 0.074219
14 0.610840 0.495443 0.036133 0.053385
14 0.572266 0.442057 0.062500 0.076823
14 0.739258 0.426432 0.070312 0.061198
14 0.734375 0.502604 0.042969 0.096354
14 0.591797 0.311849 0.050781 0.076823
14 0.442383 0.424479 0.083984 0.111979
14 0.640137 0.393880 0.059570 0.087240
14 0.675781 0.443359 0.066406 0.074219
14 0.742676 0.320964 0.055664 0.087240
14 0.736816 0.423828 0.057617 0.066406
14 0.672852 0.217448 0.048828 0.065104
14 0.628418 0.143229 0.053711 0.080729
14 0.596191 0.215495 0.084961 0.092448
14 0.709961 0.098958 0.082031 0.122396
14 0.932129 0.055990 0.069336 0.067708
14 0.839355 0.537760 0.059570 0.057292
