25 0.517090 0.597222 0.110352 0.218254
25 0.805664 0.552910 0.125000 0.301587
25 0.834473 0.765873 0.100586 0.232804
25 0.958984 0.661376 0.082031 0.198413
25 0.887695 0.397487 0.076172 0.152116
25 0.882324 0.186508 0.071289 0.211640
25 0.639648 0.416005 0.109375 0.133598
24 0.641113 0.551587 0.100586 0.161376
24 0.634277 0.689153 0.155273 0.103175
25 0.616699 0.807540 0.108398 0.133598
25 0.333496 0.649471 0.157227 0.095238
25 0.367676 0.535714 0.139648 0.140212
25 0.169922 0.460317 0.091797 0.153439
25 0.226562 0.846561 0.113281 0.174603
25 0.143066 0.923280 0.098633 0.153439
25 0.075684 0.804233 0.110352 0.108466
25 0.455566 0.836640 0.122070 0.093915
25 0.500488 0.763228 0.083008 0.129630
25 0.395508 0.839947 0.123047 0.156085
25 0.758301 0.810847 0.069336 0.179894
25 0.173828 0.673942 0.070312 0.157407
25 0.574219 0.269180 0.083984 0.191799
25 0.864746 0.615079 0.077148 0.105820
25 0.928711 0.529101 0.082031 0.103175
25 0.834961 0.228836 0.052734 0.137566
25 0.888184 0.873016 0.100586 0.243386
