21 0.853750 0.792290 0.291667 0.341950
21 0.573333 0.815873 0.177500 0.337415
21 0.368958 0.756463 0.222083 0.487075
21 0.451250 0.625624 0.164167 0.134694
21 0.135417 0.462585 0.246667 0.258503
21 0.381667 0.134014 0.203333 0.262585
21 0.530000 0.413832 0.135833 0.170975
21 0.722500 0.416100 0.296667 0.280726
21 0.561875 0.183220 0.270417 0.363719
21 0.668958 0.583220 0.075417 0.100680
21 0.325417 0.440136 0.078333 0.077551
21 0.440000 0.298639 0.063333 0.071202
21 0.671458 0.583220 0.096250 0.096145
21 0.658333 0.709524 0.077500 0.104762
21 0.453333 0.412698 0.048333 0.069841
