14 0.497070 0.416341 0.211914 0.255859
14 0.481201 0.714518 0.266113 0.395182
14 0.657471 0.722331 0.191895 0.387370
14 0.818604 0.461263 0.099121 0.201172
14 0.718018 0.225586 0.189941 0.201172
14 0.875732 0.235352 0.129395 0.167318
14 0.268311 0.719401 0.214355 0.342448
14 0.169922 0.545247 0.158203 0.190755
14 0.217773 0.419922 0.116211 0.151042
14 0.602295 0.398112 0.104004 0.270182
14 0.737793 0.427734 0.145508 0.212240
14 0.912354 0.351888 0.141113 0.133464
14 0.519287 0.180013 0.224121 0.233724
14 0.077393 0.414714 0.153809 0.140625
14 0.355957 0.428385 0.169922 0.166667
14 0.091797 0.172201 0.182617 0.281901
