12 0.451562 0.683054 0.165625 0.127615
12 0.467969 0.776151 0.117188 0.117155
12 0.332813 0.813808 0.128125 0.138075
12 0.275000 0.652720 0.137500 0.117155
12 0.400000 0.576360 0.100000 0.119247
12 0.368750 0.503138 0.134375 0.106695
12 0.232813 0.456067 0.137500 0.104603
12 0.158594 0.663180 0.132812 0.192469
12 0.110156 0.857741 0.195312 0.205021
12 0.161719 0.914226 0.154688 0.171548
12 0.605469 0.776151 0.185938 0.129707
12 0.739062 0.849372 0.096875 0.179916
12 0.803906 0.768828 0.148438 0.115063
12 0.898438 0.856695 0.125000 0.131799
12 0.760156 0.952929 0.123438 0.094142
12 0.637500 0.936192 0.112500 0.127615
12 0.107813 0.341004 0.084375 0.192469
12 0.206250 0.239540 0.059375 0.194561
12 0.457031 0.212343 0.079687 0.219665
12 0.571875 0.163180 0.075000 0.221757
12 0.657031 0.098326 0.073438 0.192469
12 0.938281 0.284519 0.123438 0.259414
12 0.881250 0.091004 0.096875 0.165272
12 0.794531 0.544979 0.079687 0.165272
12 0.653125 0.498954 0.115625 0.177824
12 0.539062 0.547071 0.168750 0.102510
12 0.415625 0.904812 0.075000 0.152720
12 0.549219 0.617155 0.110937 0.075314
12 0.973437 0.680962 0.053125 0.119247
12 0.925781 0.570084 0.064062 0.127615
12 0.832031 0.395397 0.135937 0.083682
12 0.248438 0.725941 0.115625 0.138075
12 0.279687 0.311715 0.068750 0.041841
12 0.344531 0.684100 0.067187 0.075314
