23 0.581250 0.578125 0.218750 0.297917
23 0.793750 0.562500 0.193750 0.241667
23 0.260156 0.666667 0.157812 0.300000
23 0.350781 0.526042 0.179688 0.206250
23 0.185938 0.484375 0.168750 0.231250
23 0.603125 0.856250 0.178125 0.229167
23 0.776563 0.859375 0.165625 0.193750
23 0.956250 0.711458 0.081250 0.318750
23 0.078906 0.248958 0.129688 0.168750
23 0.166406 0.179167 0.142187 0.145833
23 0.444531 0.862500 0.157812 0.133333
23 0.739062 0.920833 0.165625 0.158333
23 0.653906 0.076042 0.095312 0.131250
23 0.746094 0.118750 0.073438 0.166667
23 0.760938 0.035417 0.115625 0.066667
