23 0.519500 0.706667 0.299000 0.520000
23 0.649000 0.370000 0.330000 0.332000
23 0.299500 0.332000 0.371000 0.309333
23 0.306000 0.896000 0.208000 0.173333
23 0.313000 0.726667 0.084000 0.064000
23 0.380000 0.734000 0.058000 0.049333
23 0.065500 0.494000 0.129000 0.142667
23 0.175500 0.500667 0.091000 0.174667
23 0.105500 0.376000 0.121000 0.125333
23 0.544500 0.119333 0.103000 0.190667
23 0.331000 0.793333 0.062000 0.069333
23 0.940000 0.436667 0.120000 0.201333
23 0.803000 0.916667 0.220000 0.166667
