19 0.130208 0.909028 0.166667 0.168056
15 0.396354 0.272917 0.203125 0.320833
15 0.180729 0.301389 0.267708 0.372222
15 0.865625 0.147222 0.204167 0.280556
15 0.685937 0.113889 0.113542 0.213889
15 0.809896 0.170139 0.053125 0.126389
15 0.835938 0.317361 0.073958 0.162500
15 0.926042 0.409028 0.147917 0.212500
15 0.724479 0.376389 0.111458 0.261111
15 0.558854 0.354167 0.107292 0.141667
15 0.636979 0.384722 0.084375 0.186111
19 0.343750 0.668056 0.200000 0.300000
15 0.638021 0.230556 0.065625 0.116667
15 0.939063 0.077778 0.121875 0.152778
19 0.756771 0.768056 0.346875 0.455556
