5 0.2633333333333333 0.5809178743961353 0.22444444444444445 0.32608695652173914
5 0.3711111111111111 0.7463768115942029 0.2311111111111111 0.21256038647342995
5 0.13444444444444445 0.7367149758454107 0.20666666666666667 0.2318840579710145
5 0.8011111111111111 0.5966183574879227 0.20222222222222222 0.2560386473429952
5 0.5933333333333334 0.6739130434782609 0.21333333333333335 0.17391304347826086
5 0.8466666666666667 0.7801932367149759 0.20444444444444446 0.18357487922705315
5 0.48 0.2113526570048309 0.17333333333333334 0.16183574879227053
5 0.6977777777777778 0.22826086956521738 0.25333333333333335 0.20048309178743962
5 0.59 0.392512077294686 0.14888888888888888 0.23429951690821257
5 0.4122222222222222 0.34903381642512077 0.1622222222222222 0.2536231884057971
5 0.27111111111111114 0.2777777777777778 0.27111111111111114 0.15458937198067632
5 0.32 0.1280193236714976 0.19111111111111112 0.18840579710144928
