1 0.25533333333333336 0.20203951561504144 0.33866666666666667 0.2651370299553856
1 0.248 0.42861695347355006 0.448 0.15105162523900573
1 0.775 0.5117909496494583 0.306 0.24346717654557043
1 0.5206666666666667 0.5844486934353091 0.19733333333333333 0.26003824091778205
1 0.6856666666666666 0.7644996813256851 0.39266666666666666 0.1905672402804334
1 0.746 0.8339706819630338 0.392 0.12300828553218611
1 0.2796666666666667 0.6679413639260675 0.26866666666666666 0.212874442319949
1 0.206 0.7323135755258127 0.33466666666666667 0.14404079031230083
1 0.251 0.8260038240917782 0.37533333333333335 0.12237093690248566
1 0.578 0.18961121733588274 0.19866666666666666 0.34735500318674317
1 0.6706666666666666 0.23422562141491396 0.3426666666666667 0.24792861695347354
1 0.7346666666666667 0.278521351179095 0.3933333333333333 0.1631612492033142
