5 0.7455555555555555 0.6431980906921241 0.2288888888888889 0.2649164677804296
5 0.6177777777777778 0.7565632458233891 0.23555555555555555 0.1957040572792363
5 0.8622222222222222 0.7553699284009546 0.22666666666666666 0.19331742243436753
5 0.6644444444444444 0.1658711217183771 0.24888888888888888 0.22673031026252982
5 0.8466666666666667 0.1730310262529833 0.1688888888888889 0.26014319809069214
5 0.6277777777777778 0.34725536992840095 0.2733333333333333 0.16945107398568018
5 0.37777777777777777 0.31742243436754175 0.25333333333333335 0.2052505966587112
5 0.23666666666666666 0.16348448687350836 0.19333333333333333 0.2649164677804296
5 0.1388888888888889 0.32935560859188545 0.22 0.1766109785202864
5 0.37444444444444447 0.7040572792362768 0.21555555555555556 0.2386634844868735
5 0.14888888888888888 0.6957040572792362 0.2088888888888889 0.23627684964200477
5 0.2588888888888889 0.6288782816229117 0.20666666666666667 0.3221957040572792
