5 0.312173 0.643761 0.223822 0.304101
5 0.338514 0.408159 0.183573 0.207243
5 0.499346 0.605366 0.174084 0.299738
5 0.798266 0.285122 0.271270 0.258726
5 0.564791 0.305410 0.229058 0.238220
5 0.727749 0.109729 0.217277 0.218586
5 0.906904 0.429319 0.169830 0.195462
5 0.851603 0.586824 0.173102 0.192845
5 0.776505 0.444808 0.128927 0.136562
5 0.414921 0.880454 0.218586 0.239092
5 0.189136 0.899433 0.167539 0.201134
5 0.178010 0.734075 0.149869 0.168848
5 0.303665 0.853621 0.143325 0.188918
5 0.552847 0.831152 0.211060 0.315009
5 0.637925 0.648342 0.119437 0.187609
5 0.452552 0.158377 0.133508 0.152705
5 0.133017 0.232112 0.093259 0.219023
5 0.295812 0.219023 0.107984 0.116928
5 0.789267 0.816754 0.130890 0.151832
