11 0.349020 0.916667 0.164706 0.092593
11 0.619608 0.817593 0.094118 0.135185
11 0.385294 0.489815 0.107843 0.153704
11 0.806863 0.349074 0.170588 0.109259
11 0.690196 0.460185 0.117647 0.183333
11 0.624510 0.376852 0.068627 0.101852
11 0.713725 0.275926 0.145098 0.074074
11 0.211765 0.308333 0.125490 0.068519
11 0.317647 0.382407 0.152941 0.224074
11 0.554902 0.441667 0.133333 0.194444
11 0.542157 0.598148 0.166667 0.122222
11 0.362745 0.743519 0.258824 0.194444
11 0.908824 0.707407 0.182353 0.162963
11 0.752941 0.835185 0.188235 0.229630
11 0.719608 0.186111 0.207843 0.109259
11 0.039216 0.884259 0.074510 0.094444
11 0.403922 0.839815 0.125490 0.072222
11 0.250980 0.921296 0.109804 0.064815
11 0.563725 0.923148 0.237255 0.083333
11 0.510784 0.350926 0.088235 0.068519
