11 0.799615 0.354888 0.088462 0.149346
11 0.411538 0.164357 0.166154 0.123941
11 0.493077 0.330639 0.103077 0.131640
11 0.395769 0.426867 0.080769 0.059276
11 0.253462 0.505004 0.114615 0.126251
11 0.161154 0.705158 0.176154 0.201694
11 0.460000 0.681293 0.175385 0.232487
11 0.585385 0.498075 0.173846 0.104696
11 0.855385 0.517706 0.289231 0.159353
11 0.785385 0.626251 0.158462 0.208622
11 0.302692 0.691301 0.082308 0.109315
11 0.235385 0.599692 0.076923 0.090839
11 0.555000 0.171671 0.059231 0.103156
11 0.566538 0.264049 0.099231 0.075443
11 0.422308 0.313318 0.090769 0.129330
11 0.563462 0.422633 0.085385 0.058507
11 0.481923 0.043110 0.170000 0.084681
