11 0.284810 0.575949 0.227848 0.259494
11 0.438819 0.818038 0.215190 0.294304
11 0.663502 0.542722 0.246835 0.306962
11 0.746835 0.346519 0.232068 0.313291
11 0.562236 0.245253 0.132911 0.142405
11 0.334388 0.199367 0.166667 0.120253
11 0.219409 0.311709 0.202532 0.193038
11 0.098101 0.219937 0.191983 0.389241
11 0.604430 0.110759 0.099156 0.132911
11 0.334388 0.425633 0.120253 0.110759
11 0.545359 0.356013 0.073840 0.161392
11 0.532700 0.115506 0.056962 0.148734
11 0.689873 0.050633 0.147679 0.094937
11 0.400844 0.110759 0.075949 0.075949
11 0.410338 0.642405 0.090717 0.132911
