11 0.170000 0.551163 0.333333 0.311628
11 0.255000 0.804651 0.143333 0.148837
11 0.498333 0.762791 0.263333 0.400000
11 0.116667 0.088372 0.186667 0.167442
11 0.238333 0.181395 0.136667 0.204651
11 0.640000 0.762791 0.173333 0.362791
11 0.738333 0.327907 0.103333 0.162791
11 0.335000 0.244186 0.103333 0.283721
11 0.726667 0.569767 0.260000 0.190698
11 0.803333 0.846512 0.133333 0.279070
11 0.578333 0.344186 0.183333 0.195349
11 0.875000 0.313953 0.170000 0.246512
11 0.310000 0.886047 0.306667 0.227907
