11 0.514757 0.718099 0.205440 0.253906
11 0.629774 0.419054 0.120081 0.324219
11 0.556713 0.382595 0.078125 0.275608
11 0.423322 0.572700 0.171296 0.115017
11 0.663918 0.692057 0.079572 0.141059
11 0.768808 0.480903 0.170718 0.363715
11 0.731481 0.836155 0.173032 0.327691
11 0.924913 0.659939 0.150174 0.337240
11 0.179832 0.313151 0.105613 0.188802
11 0.082176 0.184679 0.150463 0.194010
11 0.299190 0.103950 0.130208 0.162760
11 0.811487 0.106554 0.308160 0.207031
11 0.420862 0.365451 0.067998 0.108507
