11 0.455696 0.256329 0.143460 0.379747
11 0.533755 0.381329 0.063291 0.142405
11 0.622363 0.294304 0.126582 0.322785
11 0.313291 0.177215 0.158228 0.341772
11 0.200422 0.204114 0.126582 0.218354
11 0.751055 0.504747 0.198312 0.186709
11 0.618143 0.700949 0.101266 0.332278
11 0.517932 0.808544 0.120253 0.338608
11 0.408228 0.846519 0.141350 0.300633
11 0.216245 0.750000 0.094937 0.240506
11 0.294304 0.640823 0.069620 0.117089
11 0.112869 0.884494 0.099156 0.117089
11 0.043249 0.219937 0.082278 0.250000
11 0.071730 0.802215 0.067511 0.180380
11 0.412447 0.639241 0.086498 0.113924
11 0.064346 0.378165 0.082278 0.066456
