13 0.920000 0.599349 0.115556 0.097720
13 0.595556 0.785016 0.093333 0.071661
13 0.326667 0.692182 0.124444 0.140065
13 0.638889 0.511401 0.188889 0.097720
13 0.426667 0.527687 0.173333 0.162866
13 0.513333 0.812704 0.075556 0.146580
13 0.497778 0.258958 0.071111 0.140065
13 0.645556 0.345277 0.162222 0.091205
13 0.593333 0.229642 0.075556 0.133550
13 0.124444 0.135179 0.102222 0.081433
13 0.262222 0.148208 0.102222 0.114007
13 0.423333 0.685668 0.073333 0.146580
13 0.487778 0.688925 0.060000 0.094463
13 0.561111 0.661238 0.068889 0.123779
13 0.974444 0.667752 0.051111 0.149837
