22 0.400000 0.382553 0.332308 0.222128
22 0.451923 0.723404 0.251538 0.228085
22 0.186154 0.718298 0.278462 0.272340
22 0.233846 0.171489 0.187692 0.281702
22 0.547692 0.181702 0.258462 0.191489
22 0.821538 0.154043 0.289231 0.234894
22 0.806538 0.551064 0.191538 0.361702
22 0.143462 0.272766 0.097692 0.193191
22 0.183846 0.408936 0.124615 0.150638
22 0.281154 0.568511 0.131538 0.097021
22 0.699615 0.774468 0.220769 0.204255
22 0.590000 0.303404 0.150769 0.131915
22 0.727692 0.330638 0.138462 0.080851
22 0.414615 0.587234 0.150769 0.069787
22 0.838462 0.793191 0.126154 0.105532
22 0.898462 0.703830 0.101538 0.153191
