11 0.760259 0.882861 0.175378 0.184349
11 0.668898 0.329573 0.061771 0.080173
11 0.635421 0.368219 0.089849 0.079693
11 0.641469 0.162506 0.279914 0.150264
11 0.194816 0.197072 0.383585 0.187710
11 0.127214 0.646663 0.253564 0.630821
11 0.274730 0.509121 0.197840 0.232837
11 0.507127 0.438550 0.120086 0.124340
11 0.406479 0.407105 0.112311 0.160346
11 0.491793 0.671627 0.138661 0.183389
11 0.733045 0.635862 0.129590 0.111858
11 0.855940 0.720835 0.288121 0.142583
11 0.656587 0.808929 0.165011 0.216995
11 0.461555 0.139942 0.090281 0.080173
11 0.451188 0.237878 0.082505 0.084013
11 0.374298 0.092415 0.082505 0.098416
11 0.708855 0.521363 0.062203 0.123860
11 0.405616 0.526404 0.146868 0.119539
11 0.528510 0.057129 0.204320 0.113298
11 0.598920 0.600096 0.066955 0.055689
11 0.588769 0.647624 0.069978 0.075852
11 0.629806 0.548968 0.059611 0.063850
11 0.629590 0.476476 0.038445 0.081133
