11 0.573077 0.606460 0.069231 0.124659
11 0.608462 0.514104 0.098462 0.050955
11 0.544231 0.546861 0.082308 0.067334
11 0.205385 0.759327 0.100000 0.164695
11 0.303846 0.766151 0.084615 0.200182
22 0.134231 0.398544 0.200769 0.154686
22 0.110000 0.232939 0.164615 0.156506
22 0.232308 0.191993 0.100000 0.194722
22 0.353846 0.201547 0.136923 0.239308
11 0.321923 0.550045 0.093077 0.095541
11 0.245385 0.618744 0.093846 0.090992
22 0.613077 0.114195 0.095385 0.213831
22 0.750769 0.170610 0.195385 0.115560
22 0.738077 0.385350 0.150000 0.119199
22 0.732308 0.778890 0.172308 0.136488
22 0.811538 0.700637 0.118462 0.278435
22 0.575000 0.834395 0.116154 0.154686
11 0.404231 0.709281 0.102308 0.162875
11 0.076154 0.836215 0.150769 0.145587
22 0.415000 0.865787 0.133077 0.102821
22 0.760000 0.871247 0.110769 0.095541
22 0.907692 0.781165 0.092308 0.168335
22 0.697308 0.066879 0.126923 0.131938
11 0.939615 0.259782 0.079231 0.102821
11 0.863077 0.449045 0.089231 0.115560
22 0.633077 0.427207 0.061538 0.124659
