11 0.287857 0.403872 0.124286 0.092123
11 0.100714 0.694927 0.198571 0.142857
11 0.662143 0.922563 0.170000 0.141522
11 0.546429 0.882510 0.121429 0.128171
11 0.435714 0.822430 0.134286 0.120160
11 0.479286 0.510013 0.158571 0.120160
11 0.790000 0.475968 0.162857 0.089453
11 0.322143 0.198264 0.161429 0.182911
11 0.265000 0.553405 0.127143 0.124166
11 0.662857 0.746996 0.148571 0.190921
11 0.537143 0.618825 0.145714 0.078772
11 0.722857 0.607477 0.122857 0.069426
11 0.731429 0.534045 0.122857 0.040053
11 0.259286 0.297063 0.130000 0.110814
11 0.195000 0.383845 0.084286 0.068091
11 0.727143 0.335113 0.071429 0.101469
11 0.704286 0.228304 0.051429 0.096128
11 0.602857 0.277036 0.077143 0.046729
11 0.661429 0.032043 0.091429 0.061415
11 0.641429 0.102804 0.117143 0.064085
