15 0.747656 0.285938 0.137500 0.290625
15 0.344141 0.198958 0.232031 0.304167
15 0.348828 0.406771 0.153906 0.346875
15 0.228906 0.411979 0.151562 0.246875
15 0.379297 0.830208 0.136719 0.252083
15 0.158984 0.764062 0.174219 0.282292
15 0.592187 0.395833 0.190625 0.489583
15 0.916406 0.313021 0.167187 0.342708
15 0.165625 0.537500 0.104688 0.231250
15 0.051953 0.776042 0.102344 0.245833
15 0.512109 0.848437 0.099219 0.105208
15 0.704688 0.610938 0.153125 0.165625
15 0.055078 0.372917 0.099219 0.445833
