11 0.720000 0.557778 0.193333 0.088889
11 0.603333 0.654444 0.106667 0.086667
11 0.513333 0.825556 0.093333 0.117778
11 0.641667 0.731111 0.096667 0.048889
11 0.781667 0.734444 0.136667 0.068889
11 0.861667 0.490000 0.083333 0.082222
11 0.780000 0.405556 0.106667 0.104444
11 0.081667 0.540000 0.136667 0.106667
11 0.166667 0.563333 0.100000 0.055556
11 0.365000 0.617778 0.123333 0.066667
11 0.453333 0.591111 0.113333 0.071111
11 0.531667 0.506667 0.150000 0.066667
11 0.250000 0.464444 0.060000 0.035556
11 0.393333 0.453333 0.053333 0.048889
11 0.195000 0.624444 0.070000 0.031111
11 0.506667 0.712222 0.066667 0.037778
11 0.731667 0.781111 0.083333 0.055556
11 0.576667 0.815556 0.060000 0.062222
11 0.606667 0.883333 0.053333 0.064444
11 0.730000 0.856667 0.100000 0.037778
11 0.778333 0.477778 0.076667 0.044444
11 0.255000 0.523333 0.056667 0.033333
