22 0.715000 0.415883 0.243846 0.208986
22 0.586923 0.250784 0.287692 0.175549
22 0.808077 0.714734 0.277692 0.225705
22 0.527308 0.680251 0.146923 0.349007
22 0.390385 0.653083 0.166923 0.346917
22 0.298462 0.535528 0.144615 0.245559
22 0.240769 0.165099 0.210769 0.221526
22 0.383462 0.409091 0.057692 0.122257
22 0.301538 0.394462 0.047692 0.055381
22 0.347692 0.421630 0.050769 0.040752
22 0.413462 0.341693 0.060769 0.068966
22 0.387692 0.266980 0.050769 0.128527
22 0.495385 0.377743 0.069231 0.084639
22 0.537692 0.361024 0.049231 0.113898
22 0.476538 0.516719 0.074615 0.159875
22 0.616538 0.638976 0.048462 0.134796
22 0.655000 0.536050 0.077692 0.079415
22 0.683846 0.591954 0.090769 0.065831
