11 0.904762 0.333884 0.162907 0.181818
11 0.668546 0.372727 0.126566 0.203306
11 0.820175 0.185950 0.159148 0.193388
11 0.700501 0.105785 0.137845 0.191736
11 0.827068 0.698347 0.040100 0.077686
11 0.898496 0.718182 0.042607 0.123967
11 0.822055 0.609917 0.052632 0.148760
11 0.687343 0.832231 0.088972 0.120661
11 0.749373 0.659504 0.077694 0.165289
11 0.715539 0.719008 0.060150 0.072727
11 0.647243 0.710744 0.096491 0.138843
11 0.604010 0.835537 0.162907 0.157025
11 0.038221 0.819835 0.073935 0.175207
11 0.241228 0.640496 0.038847 0.087603
11 0.254386 0.865289 0.080201 0.107438
11 0.337093 0.895868 0.057644 0.092562
11 0.171679 0.782645 0.072682 0.117355
11 0.412907 0.716529 0.086466 0.087603
11 0.296992 0.665289 0.065163 0.090909
11 0.181078 0.656198 0.056391 0.095868
11 0.121554 0.238843 0.150376 0.117355
11 0.289474 0.293388 0.165414 0.100826
11 0.224311 0.170248 0.122807 0.214876
11 0.360276 0.755372 0.048872 0.069421
11 0.200501 0.561983 0.090226 0.102479
11 0.379073 0.956198 0.093985 0.057851
11 0.799499 0.782645 0.077694 0.080992
11 0.916667 0.552893 0.033835 0.067769
