21 0.320000 0.154682 0.202222 0.302676
21 0.134444 0.403846 0.202222 0.239130
21 0.199444 0.742475 0.165556 0.334448
21 0.385556 0.681438 0.191111 0.245819
21 0.501111 0.517559 0.146667 0.332776
21 0.613889 0.264214 0.223333 0.274247
21 0.313333 0.360368 0.071111 0.128763
21 0.042222 0.861204 0.082222 0.277592
21 0.100556 0.882107 0.112222 0.202341
21 0.543333 0.859532 0.335556 0.267559
21 0.931111 0.362040 0.137778 0.500000
21 0.915000 0.798495 0.170000 0.252508
21 0.783333 0.924749 0.064444 0.100334
21 0.864444 0.948161 0.115556 0.103679
21 0.943333 0.959030 0.113333 0.081940
21 0.665000 0.647157 0.092222 0.224080
21 0.363333 0.479933 0.057778 0.076923
21 0.130556 0.566890 0.152222 0.227425
