11 0.671000 0.458667 0.106000 0.378667
11 0.481000 0.401333 0.050000 0.114667
11 0.362000 0.657333 0.080000 0.093333
11 0.327000 0.569333 0.082000 0.141333
11 0.464000 0.529333 0.104000 0.130667
11 0.062000 0.613333 0.120000 0.282667
11 0.463000 0.684000 0.062000 0.125333
11 0.399000 0.920000 0.062000 0.048000
11 0.476000 0.916000 0.044000 0.093333
11 0.266000 0.604000 0.064000 0.146667
11 0.363000 0.760000 0.074000 0.117333
11 0.493000 0.824000 0.078000 0.085333
11 0.460000 0.318667 0.068000 0.072000
22 0.545000 0.318667 0.210000 0.360000
11 0.856000 0.360000 0.128000 0.394667
11 0.870000 0.234667 0.184000 0.346667
22 0.766000 0.192000 0.192000 0.378667
11 0.368000 0.362667 0.076000 0.058667
11 0.373000 0.157333 0.038000 0.128000
