11 0.399000 0.730667 0.138000 0.298667
11 0.306000 0.449333 0.136000 0.301333
11 0.502000 0.213333 0.168000 0.261333
11 0.626000 0.264000 0.120000 0.181333
11 0.566000 0.661333 0.132000 0.213333
11 0.595000 0.516000 0.126000 0.093333
11 0.692000 0.849333 0.116000 0.162667
11 0.551000 0.914667 0.170000 0.170667
11 0.600000 0.444000 0.052000 0.125333
11 0.708000 0.718667 0.088000 0.114667
11 0.530000 0.773333 0.124000 0.170667
11 0.111000 0.228000 0.078000 0.189333
11 0.364000 0.905333 0.108000 0.189333
22 0.778000 0.460000 0.168000 0.162667
22 0.807000 0.653333 0.182000 0.250667
22 0.758000 0.158667 0.092000 0.104000
22 0.769000 0.058667 0.074000 0.074667
22 0.847000 0.178667 0.114000 0.282667
