25 0.620000 0.154062 0.152500 0.298786
25 0.856875 0.253968 0.262500 0.143791
25 0.531875 0.484127 0.261250 0.169001
25 0.337500 0.359010 0.140000 0.355742
25 0.150938 0.536415 0.278125 0.178338
25 0.384375 0.584500 0.138750 0.168067
25 0.535937 0.376751 0.214375 0.189542
25 0.685312 0.259570 0.071875 0.190476
25 0.200625 0.689076 0.180000 0.140056
25 0.373750 0.894024 0.075000 0.195145
25 0.058750 0.893557 0.101250 0.212885
25 0.091250 0.229225 0.111250 0.172736
25 0.090000 0.081699 0.103750 0.161531
25 0.314063 0.550420 0.078125 0.144725
