15 0.543457 0.619792 0.198242 0.411458
15 0.746582 0.090495 0.325195 0.178385
15 0.882324 0.529948 0.149414 0.148438
15 0.747070 0.591146 0.125000 0.244792
15 0.677246 0.494141 0.081055 0.128906
15 0.693359 0.315755 0.089844 0.173177
15 0.519043 0.179036 0.270508 0.355469
15 0.486816 0.481771 0.110352 0.192708
15 0.382812 0.492839 0.148438 0.235677
15 0.220703 0.406901 0.355469 0.326823
15 0.395996 0.291016 0.143555 0.141927
15 0.861328 0.817057 0.271484 0.365885
15 0.639160 0.109375 0.131836 0.177083
15 0.706055 0.193359 0.103516 0.134115
