13 0.536269 0.686312 0.077720 0.186312
13 0.370466 0.439163 0.077720 0.247148
13 0.161917 0.598859 0.215026 0.216730
13 0.529793 0.340304 0.178756 0.338403
13 0.691710 0.669202 0.243523 0.326996
13 0.768135 0.545627 0.230570 0.239544
13 0.829016 0.382129 0.264249 0.239544
13 0.327720 0.644487 0.064767 0.193916
13 0.286269 0.454373 0.085492 0.178707
13 0.490933 0.477186 0.101036 0.193916
13 0.678756 0.332700 0.082902 0.323194
13 0.432642 0.136882 0.202073 0.266160
13 0.128238 0.505703 0.251295 0.228137
13 0.932642 0.653992 0.134715 0.433460
13 0.082902 0.250951 0.160622 0.235741
