22 0.170714 0.518201 0.124286 0.299786
13 0.373571 0.520343 0.201429 0.286938
13 0.624286 0.691649 0.122857 0.154176
13 0.689286 0.876874 0.170000 0.246253
13 0.873571 0.829764 0.201429 0.336188
22 0.651429 0.465739 0.091429 0.126338
13 0.658571 0.188437 0.171429 0.244111
22 0.823571 0.355460 0.138571 0.167024
13 0.539286 0.832976 0.101429 0.274090
22 0.700000 0.446467 0.094286 0.246253
13 0.424286 0.395075 0.274286 0.211991
13 0.402857 0.888651 0.120000 0.222698
22 0.091429 0.342612 0.085714 0.111349
22 0.086429 0.260171 0.092857 0.087794
