19 0.665289 0.485192 0.126328 0.388502
19 0.185360 0.755226 0.125148 0.364111
19 0.304014 0.688153 0.114522 0.324042
19 0.184179 0.175958 0.247934 0.174216
19 0.939197 0.511324 0.102715 0.259582
19 0.324085 0.424216 0.095632 0.113240
19 0.462220 0.509582 0.149941 0.325784
19 0.443329 0.305749 0.138135 0.109756
19 0.387839 0.772648 0.131051 0.350174
19 0.757379 0.201220 0.112161 0.297909
19 0.138725 0.239547 0.187721 0.092334
19 0.112751 0.540070 0.161747 0.250871
19 0.265053 0.324042 0.062574 0.101045
19 0.879575 0.504355 0.141677 0.336237
19 0.533058 0.562718 0.138135 0.219512
19 0.050177 0.060105 0.095632 0.116725
19 0.491736 0.044425 0.086187 0.085366
19 0.373672 0.120209 0.076741 0.191638
19 0.702479 0.133275 0.075561 0.179443
