21 0.288333 0.604444 0.130000 0.313333
21 0.788333 0.722222 0.185000 0.357778
21 0.870417 0.481111 0.164167 0.144444
21 0.736667 0.692222 0.143333 0.255556
21 0.599167 0.615556 0.126667 0.237778
21 0.481667 0.766111 0.226667 0.454444
21 0.493750 0.386667 0.162500 0.206667
21 0.093333 0.563889 0.185000 0.212222
21 0.186667 0.281111 0.210000 0.504444
21 0.866667 0.233333 0.200000 0.102222
21 0.899167 0.292222 0.116667 0.108889
21 0.937083 0.127222 0.092500 0.103333
21 0.867083 0.071667 0.104167 0.103333
