11 0.315000 0.142694 0.150000 0.203196
11 0.794000 0.150685 0.184000 0.146119
11 0.405000 0.789954 0.150000 0.196347
11 0.572000 0.441781 0.100000 0.125571
11 0.071000 0.506849 0.138000 0.164384
11 0.100000 0.202055 0.096000 0.166667
11 0.209000 0.179224 0.094000 0.111872
11 0.560000 0.214612 0.300000 0.178082
11 0.776000 0.479452 0.340000 0.214612
11 0.785000 0.610731 0.282000 0.207763
11 0.344000 0.538813 0.236000 0.141553
11 0.681000 0.817352 0.254000 0.356164
11 0.066000 0.047945 0.080000 0.091324
11 0.483000 0.639269 0.154000 0.118721
11 0.881000 0.885845 0.174000 0.228311
11 0.275000 0.710046 0.186000 0.196347
