11 0.561368 0.636856 0.148893 0.135501
11 0.599598 0.444444 0.100604 0.086721
11 0.613682 0.372629 0.104628 0.100271
11 0.579477 0.197832 0.088531 0.081301
11 0.516097 0.131436 0.070423 0.121951
11 0.399396 0.233062 0.118712 0.113821
11 0.196177 0.697832 0.142857 0.132791
11 0.154930 0.619241 0.152918 0.100271
11 0.222334 0.440379 0.090543 0.186992
11 0.119718 0.495935 0.183099 0.184282
11 0.468813 0.199187 0.064386 0.111111
11 0.488934 0.285908 0.064386 0.073171
11 0.553320 0.275068 0.064386 0.062331
11 0.366197 0.467480 0.108652 0.116531
11 0.355131 0.716802 0.070423 0.073171
11 0.314889 0.749322 0.082495 0.154472
11 0.771630 0.697832 0.054326 0.084011
