11 0.355699 0.817308 0.156250 0.234615
11 0.582721 0.475962 0.099265 0.055769
11 0.723346 0.634615 0.042279 0.057692
11 0.564338 0.349038 0.106618 0.140385
11 0.233456 0.413462 0.235294 0.146154
11 0.379596 0.224038 0.204044 0.167308
11 0.556066 0.144231 0.090074 0.153846
11 0.448529 0.480769 0.113971 0.100000
11 0.650735 0.752885 0.091912 0.082692
11 0.643382 0.627885 0.084559 0.055769
11 0.367647 0.600962 0.047794 0.063462
11 0.283088 0.685577 0.091912 0.078846
11 0.629596 0.222115 0.056985 0.075000
11 0.488971 0.573077 0.058824 0.057692
11 0.192096 0.603846 0.064338 0.050000
11 0.140625 0.534615 0.137868 0.107692
11 0.316176 0.540385 0.055147 0.057692
11 0.905331 0.106731 0.049632 0.048077
11 0.766544 0.128846 0.036765 0.057692
11 0.408088 0.400962 0.110294 0.067308
11 0.105699 0.396154 0.075368 0.092308
11 0.699449 0.800000 0.064338 0.034615
11 0.754596 0.703846 0.068015 0.065385
