11 0.497268 0.493269 0.138434 0.236538
11 0.608379 0.275962 0.222222 0.101923
11 0.844262 0.287500 0.180328 0.125000
11 0.678506 0.491346 0.096539 0.155769
11 0.337887 0.616346 0.100182 0.163462
11 0.409836 0.717308 0.076503 0.100000
11 0.501821 0.757692 0.071038 0.080769
11 0.494536 0.940385 0.129326 0.100000
11 0.224044 0.651923 0.112933 0.100000
11 0.418944 0.306731 0.127505 0.082692
11 0.380692 0.233654 0.138434 0.082692
11 0.327869 0.062500 0.102004 0.067308
11 0.731330 0.110577 0.111111 0.140385
11 0.620219 0.344231 0.114754 0.107692
