11 0.608225 0.608654 0.139971 0.078846
11 0.773449 0.887500 0.083694 0.225000
11 0.486291 0.527885 0.051948 0.101923
11 0.366522 0.350000 0.158730 0.173077
11 0.413420 0.171154 0.137085 0.292308
11 0.509380 0.333654 0.101010 0.198077
11 0.584416 0.401923 0.124098 0.242308
11 0.291486 0.475962 0.103896 0.217308
11 0.168110 0.596154 0.215007 0.142308
11 0.388889 0.412500 0.064935 0.151923
11 0.439394 0.484615 0.030303 0.076923
11 0.769120 0.396154 0.106782 0.388462
11 0.854257 0.744231 0.144300 0.188462
11 0.390332 0.877885 0.067821 0.113462
11 0.170996 0.947115 0.134199 0.090385
11 0.077922 0.770192 0.138528 0.132692
