11 0.653125 0.713604 0.060417 0.119332
11 0.855208 0.421241 0.118750 0.140811
11 0.711458 0.510740 0.127083 0.119332
11 0.428125 0.701671 0.077083 0.143198
11 0.479167 0.609785 0.066667 0.073986
11 0.529167 0.602625 0.062500 0.112172
11 0.409375 0.536993 0.052083 0.081146
11 0.431250 0.404535 0.045833 0.073986
11 0.258333 0.613365 0.083333 0.162291
11 0.173958 0.579952 0.093750 0.119332
11 0.137500 0.491647 0.145833 0.124105
11 0.701042 0.705251 0.060417 0.083532
11 0.683333 0.620525 0.062500 0.138425
11 0.807292 0.596659 0.102083 0.095465
11 0.144792 0.815036 0.118750 0.221957
11 0.305208 0.729117 0.060417 0.059666
11 0.354167 0.806683 0.058333 0.042959
11 0.388542 0.904535 0.102083 0.152745
11 0.451042 0.443914 0.047917 0.042959
11 0.397917 0.455847 0.045833 0.052506
11 0.198958 0.270883 0.147917 0.159905
11 0.229167 0.356802 0.154167 0.174224
11 0.329167 0.294749 0.054167 0.178998
11 0.756250 0.624105 0.091667 0.088305
11 0.800000 0.534606 0.075000 0.047733
11 0.857292 0.502387 0.064583 0.064439
11 0.783333 0.295943 0.050000 0.057279
11 0.752083 0.334129 0.050000 0.052506
11 0.621875 0.317422 0.043750 0.071599
11 0.531250 0.343675 0.054167 0.057279
11 0.592708 0.683771 0.056250 0.064439
11 0.578125 0.620525 0.035417 0.062053
11 0.529167 0.702864 0.062500 0.073986
11 0.487500 0.764916 0.045833 0.078759
