11 0.332143 0.641346 0.112857 0.209615
11 0.482857 0.688462 0.154286 0.246154
11 0.706429 0.708654 0.084286 0.121154
11 0.752857 0.414423 0.102857 0.136538
11 0.825714 0.528846 0.088571 0.134615
11 0.885714 0.310577 0.151429 0.236538
11 0.425714 0.380769 0.091429 0.203846
11 0.310000 0.372115 0.105714 0.228846
11 0.127143 0.399038 0.225714 0.255769
11 0.488571 0.427885 0.057143 0.128846
11 0.506429 0.849038 0.075714 0.213462
11 0.722143 0.593269 0.041429 0.075000
11 0.784286 0.599038 0.068571 0.117308
11 0.575000 0.070192 0.101429 0.121154
11 0.882143 0.860577 0.204286 0.221154
11 0.922143 0.684615 0.144286 0.100000
11 0.927143 0.502885 0.137143 0.205769
