11 0.641667 0.626478 0.087500 0.075650
11 0.189583 0.769504 0.133333 0.167849
11 0.430208 0.833333 0.135417 0.139480
11 0.606250 0.496454 0.133333 0.132388
11 0.354167 0.542553 0.095833 0.101655
11 0.420833 0.547281 0.062500 0.054374
11 0.482292 0.530733 0.068750 0.035461
11 0.465625 0.605201 0.118750 0.118203
11 0.337500 0.432624 0.054167 0.075650
11 0.282292 0.452719 0.064583 0.139480
11 0.450000 0.399527 0.095833 0.070922
11 0.216667 0.905437 0.079167 0.085106
11 0.314583 0.719858 0.091667 0.134752
11 0.283333 0.920804 0.054167 0.101655
11 0.755208 0.611111 0.097917 0.101655
11 0.759375 0.509456 0.085417 0.120567
11 0.898958 0.586288 0.181250 0.094563
