11 0.759000 0.155251 0.130000 0.100457
11 0.680000 0.469178 0.180000 0.180365
11 0.563000 0.444064 0.110000 0.143836
11 0.119000 0.203196 0.094000 0.159817
11 0.216000 0.181507 0.108000 0.130137
11 0.594000 0.231735 0.116000 0.111872
11 0.346000 0.550228 0.228000 0.159817
11 0.794000 0.627854 0.276000 0.210046
11 0.688000 0.824201 0.264000 0.351598
11 0.484000 0.633562 0.152000 0.152968
11 0.032000 0.470320 0.060000 0.109589
11 0.174000 0.535388 0.076000 0.057078
11 0.306000 0.697489 0.244000 0.194064
11 0.865000 0.460046 0.150000 0.139269
11 0.879000 0.885845 0.186000 0.228311
11 0.338000 0.180365 0.092000 0.105023
11 0.105000 0.068493 0.038000 0.059361
11 0.066000 0.049087 0.052000 0.093607
