11 0.836397 0.896650 0.096814 0.206699
11 0.614430 0.921977 0.114890 0.084150
11 0.501685 0.727941 0.101409 0.123366
11 0.551471 0.078636 0.060049 0.069853
11 0.484069 0.123570 0.047794 0.065768
11 0.533854 0.237337 0.063419 0.053922
11 0.440870 0.214869 0.088235 0.059641
11 0.739124 0.220997 0.076287 0.085784
11 0.560662 0.444649 0.128064 0.112337
11 0.781097 0.619077 0.058517 0.086193
11 0.795956 0.407271 0.059436 0.079248
11 0.777574 0.355392 0.056985 0.059641
11 0.107843 0.390523 0.060662 0.120098
11 0.268689 0.825572 0.188725 0.126634
11 0.183364 0.909518 0.086703 0.180964
11 0.230852 0.697917 0.075674 0.121324
11 0.478707 0.660131 0.064032 0.127451
11 0.392004 0.537990 0.083640 0.075980
11 0.482843 0.493873 0.076593 0.080065
11 0.290594 0.095997 0.049939 0.078431
11 0.300551 0.231005 0.069240 0.115605
11 0.204810 0.188113 0.055453 0.083742
11 0.143382 0.255719 0.060049 0.166667
11 0.236979 0.109477 0.036458 0.068627
11 0.153952 0.126634 0.034620 0.038399
11 0.249387 0.172386 0.035539 0.048203
11 0.230086 0.645833 0.058211 0.068627
11 0.157935 0.812500 0.116728 0.160948
11 0.145374 0.427696 0.040135 0.085784
11 0.822610 0.532475 0.061275 0.073938
11 0.744792 0.551266 0.055760 0.075572
11 0.796569 0.493873 0.041054 0.044118
11 0.649357 0.283701 0.041973 0.042892
11 0.422028 0.341095 0.032169 0.078431
11 0.483150 0.553513 0.038603 0.040850
11 0.685202 0.724265 0.047488 0.047386
11 0.630821 0.752655 0.032475 0.052696
11 0.695006 0.419118 0.083027 0.075163
11 0.707414 0.348652 0.043505 0.069853
11 0.729167 0.281863 0.048407 0.037582
11 0.744179 0.797386 0.033088 0.075163
11 0.700980 0.915237 0.035539 0.042075
11 0.189798 0.100286 0.053002 0.069853
11 0.314798 0.530229 0.032169 0.084967
