25 0.205287 0.255799 0.399325 0.250105
25 0.246063 0.581400 0.354893 0.160692
25 0.524747 0.781949 0.229471 0.296078
25 0.791901 0.614298 0.318335 0.187685
25 0.845613 0.431464 0.299775 0.127372
25 0.779809 0.229650 0.350394 0.292282
25 0.483127 0.217630 0.188976 0.221847
25 0.653825 0.360396 0.105174 0.139604
25 0.474409 0.354070 0.100675 0.085618
25 0.443476 0.392029 0.088301 0.074652
25 0.403262 0.468157 0.197975 0.084353
25 0.614173 0.485027 0.057368 0.072543
25 0.442632 0.647828 0.138358 0.142556
