12 0.720139 0.368519 0.098611 0.185185
12 0.785417 0.537963 0.148611 0.083333
12 0.882639 0.543519 0.118056 0.172222
12 0.708333 0.543519 0.094444 0.135185
12 0.586111 0.737963 0.155556 0.124074
12 0.482639 0.748148 0.112500 0.151852
12 0.516667 0.618519 0.108333 0.081481
12 0.296528 0.675000 0.106944 0.168519
12 0.193056 0.614815 0.136111 0.092593
12 0.192361 0.532407 0.140278 0.131481
12 0.288889 0.517593 0.072222 0.153704
12 0.272917 0.300000 0.120833 0.103704
12 0.194444 0.176852 0.147222 0.072222
12 0.288889 0.071296 0.061111 0.116667
12 0.386806 0.249074 0.081944 0.138889
12 0.564583 0.266667 0.095833 0.085185
12 0.411111 0.391667 0.144444 0.098148
12 0.359722 0.302778 0.052778 0.098148
12 0.428472 0.702778 0.109722 0.072222
12 0.518056 0.418519 0.077778 0.081481
12 0.558333 0.343519 0.063889 0.075926
12 0.458333 0.202778 0.041667 0.101852
12 0.499306 0.218519 0.079167 0.077778
12 0.344444 0.187037 0.080556 0.144444
12 0.411111 0.534259 0.066667 0.120370
12 0.654167 0.448148 0.052778 0.100000
