12 0.299000 0.647333 0.268000 0.252000
12 0.386000 0.757333 0.164000 0.328000
12 0.584000 0.633333 0.288000 0.253333
12 0.704000 0.448000 0.144000 0.240000
12 0.872000 0.396667 0.256000 0.230667
12 0.612000 0.382000 0.268000 0.222667
12 0.391500 0.367333 0.167000 0.289333
12 0.343000 0.198000 0.180000 0.273333
12 0.144500 0.053333 0.247000 0.104000
12 0.188500 0.468667 0.163000 0.254667
12 0.072500 0.694000 0.143000 0.153333
12 0.166000 0.799333 0.138000 0.310667
12 0.896000 0.244667 0.132000 0.220000
12 0.636500 0.252667 0.193000 0.150667
12 0.524000 0.074000 0.212000 0.145333
12 0.217000 0.281333 0.202000 0.240000
12 0.793500 0.562000 0.119000 0.161333
