12 0.161500 0.634667 0.229000 0.274667
12 0.398000 0.723333 0.312000 0.198667
12 0.527000 0.606000 0.224000 0.228000
12 0.636000 0.762667 0.256000 0.194667
12 0.865500 0.778667 0.185000 0.184000
12 0.551500 0.889333 0.123000 0.221333
12 0.314500 0.886667 0.157000 0.218667
12 0.102500 0.922667 0.137000 0.154667
12 0.158000 0.200667 0.180000 0.100000
12 0.275000 0.320667 0.104000 0.313333
12 0.361000 0.342000 0.076000 0.220000
12 0.543000 0.222667 0.150000 0.186667
12 0.597000 0.307333 0.230000 0.206667
12 0.889000 0.457333 0.118000 0.282667
12 0.779500 0.048667 0.227000 0.094667
12 0.184500 0.510000 0.267000 0.113333
12 0.303000 0.590667 0.148000 0.229333
12 0.720000 0.431333 0.136000 0.316000
12 0.419500 0.467333 0.155000 0.177333
12 0.715000 0.920000 0.124000 0.160000
12 0.956500 0.160000 0.087000 0.104000
12 0.787500 0.650667 0.165000 0.112000
12 0.813000 0.919333 0.080000 0.161333
12 0.470500 0.895333 0.141000 0.209333
12 0.339000 0.209333 0.212000 0.085333
12 0.950000 0.532667 0.100000 0.254667
