12 0.264500 0.350667 0.239000 0.480000
12 0.247500 0.674000 0.199000 0.446667
12 0.755000 0.726667 0.260000 0.546667
12 0.869500 0.354667 0.261000 0.397333
12 0.532500 0.122667 0.323000 0.242667
12 0.563000 0.826000 0.266000 0.308000
12 0.700000 0.357333 0.250000 0.226667
12 0.539000 0.294667 0.140000 0.197333
12 0.389500 0.554000 0.193000 0.356000
12 0.226000 0.080000 0.274000 0.157333
12 0.079500 0.410000 0.119000 0.206667
12 0.083500 0.772667 0.165000 0.294667
12 0.046500 0.166000 0.091000 0.329333
12 0.590500 0.535333 0.153000 0.278667
12 0.337500 0.815333 0.181000 0.369333
