12 0.252222 0.357500 0.100000 0.258333
12 0.331111 0.493333 0.171111 0.156667
12 0.429444 0.623333 0.098889 0.153333
12 0.483333 0.381667 0.073333 0.213333
12 0.580000 0.365000 0.077778 0.193333
12 0.665556 0.605833 0.126667 0.195000
12 0.792222 0.630833 0.193333 0.188333
12 0.690000 0.842500 0.126667 0.255000
12 0.562222 0.759167 0.088889 0.145000
12 0.496667 0.750833 0.062222 0.168333
12 0.414444 0.770000 0.120000 0.156667
12 0.238889 0.627500 0.091111 0.181667
12 0.182778 0.701667 0.063333 0.126667
12 0.098333 0.512500 0.090000 0.168333
12 0.131111 0.230000 0.153333 0.176667
12 0.475000 0.137500 0.167778 0.258333
12 0.747778 0.124167 0.160000 0.245000
12 0.122778 0.668333 0.096667 0.163333
12 0.406667 0.383333 0.131111 0.220000
12 0.502222 0.628333 0.048889 0.093333
12 0.586667 0.626667 0.066667 0.103333
12 0.257222 0.175000 0.096667 0.186667
12 0.334444 0.206667 0.077778 0.173333
12 0.312222 0.057500 0.124444 0.111667
12 0.473889 0.535833 0.083333 0.105000
