11 0.573913 0.678261 0.086957 0.069565
11 0.526087 0.231884 0.047826 0.127536
11 0.347826 0.395652 0.121739 0.072464
11 0.383696 0.313043 0.097826 0.069565
11 0.600000 0.765217 0.069565 0.098551
11 0.031522 0.455072 0.058696 0.144928
11 0.100000 0.408696 0.069565 0.197101
11 0.105435 0.539130 0.045652 0.075362
11 0.194565 0.463768 0.058696 0.081159
11 0.252174 0.613043 0.047826 0.089855
11 0.373913 0.636232 0.056522 0.101449
11 0.343478 0.639130 0.052174 0.060870
11 0.359783 0.763768 0.076087 0.089855
11 0.433696 0.755072 0.067391 0.066667
11 0.732609 0.778261 0.082609 0.078261
11 0.734783 0.523188 0.052174 0.072464
11 0.638043 0.479710 0.050000 0.118841
11 0.557609 0.520290 0.163043 0.101449
11 0.663043 0.356522 0.052174 0.086957
11 0.727174 0.395652 0.050000 0.084058
11 0.797826 0.289855 0.095652 0.162319
11 0.946739 0.420290 0.076087 0.133333
11 0.865217 0.424638 0.052174 0.066667
11 0.814130 0.505797 0.080435 0.142029
11 0.275000 0.343478 0.036957 0.078261
11 0.325000 0.239130 0.050000 0.066667
11 0.629348 0.697101 0.054348 0.066667
