25 0.499167 0.153333 0.131667 0.297778
25 0.152500 0.493333 0.228333 0.146667
25 0.166667 0.581111 0.203333 0.108889
25 0.257500 0.706667 0.138333 0.160000
25 0.528333 0.574444 0.200000 0.126667
25 0.589167 0.718889 0.098333 0.197778
25 0.737500 0.710000 0.141667 0.197778
25 0.808333 0.542222 0.203333 0.142222
25 0.795000 0.256667 0.213333 0.122222
25 0.179167 0.371111 0.231667 0.160000
25 0.423333 0.628889 0.106667 0.088889
25 0.397500 0.302222 0.071667 0.195556
25 0.577500 0.473333 0.195000 0.155556
25 0.259167 0.807778 0.175000 0.206667
25 0.582500 0.240000 0.078333 0.177778
25 0.488333 0.121111 0.130000 0.237778
25 0.354167 0.334444 0.091667 0.162222
