12 0.288677 0.160590 0.142168 0.225116
12 0.401717 0.200810 0.083140 0.227431
12 0.293113 0.350260 0.140625 0.118924
12 0.388021 0.470052 0.055363 0.180845
12 0.158758 0.456163 0.121142 0.254919
12 0.167728 0.766059 0.104360 0.352720
12 0.359375 0.721354 0.069830 0.218171
12 0.451100 0.656829 0.166474 0.163773
12 0.779707 0.542679 0.101080 0.345197
12 0.908951 0.592303 0.144290 0.151042
12 0.647473 0.623119 0.099344 0.201678
12 0.711130 0.843027 0.071181 0.259549
12 0.863715 0.835648 0.168017 0.134259
12 0.620756 0.137153 0.076003 0.273727
12 0.764564 0.274306 0.186921 0.157407
12 0.599537 0.454427 0.104552 0.177951
12 0.801987 0.204572 0.152199 0.103588
12 0.733025 0.098814 0.088349 0.197049
12 0.667631 0.891059 0.146219 0.096933
12 0.089699 0.506076 0.156636 0.166088
12 0.239969 0.717448 0.084491 0.250289
12 0.344618 0.866609 0.092014 0.188079
12 0.416184 0.872830 0.061535 0.209201
12 0.676505 0.362992 0.172840 0.138021
