25 0.610000 0.364167 0.115000 0.191667
25 0.718750 0.720000 0.110000 0.213333
25 0.435000 0.715833 0.110000 0.188333
25 0.473125 0.544167 0.131250 0.118333
25 0.407500 0.391667 0.100000 0.143333
25 0.239375 0.249167 0.068750 0.138333
25 0.299375 0.721667 0.108750 0.200000
25 0.525625 0.353333 0.073750 0.156667
25 0.871875 0.391667 0.096250 0.126667
25 0.785000 0.408333 0.092500 0.150000
25 0.927500 0.645000 0.092500 0.150000
25 0.888125 0.811667 0.131250 0.176667
25 0.084375 0.682500 0.076250 0.168333
25 0.102500 0.800000 0.107500 0.223333
25 0.067500 0.513333 0.100000 0.083333
25 0.198750 0.570000 0.117500 0.093333
25 0.206875 0.290833 0.063750 0.105000
25 0.149375 0.320000 0.086250 0.156667
25 0.154375 0.165833 0.043750 0.071667
25 0.481250 0.680000 0.102500 0.146667
25 0.601250 0.521667 0.152500 0.090000
25 0.605000 0.631667 0.117500 0.146667
25 0.769375 0.801667 0.111250 0.226667
25 0.735000 0.212500 0.155000 0.108333
25 0.652500 0.115833 0.057500 0.128333
25 0.351875 0.295833 0.076250 0.111667
25 0.498750 0.221667 0.145000 0.086667
25 0.563125 0.063333 0.101250 0.123333
25 0.696250 0.345833 0.110000 0.158333
25 0.716250 0.426667 0.055000 0.120000
25 0.313750 0.142500 0.097500 0.058333
25 0.429375 0.117500 0.058750 0.068333
25 0.245625 0.387500 0.096250 0.128333
25 0.894375 0.191667 0.071250 0.070000
25 0.786250 0.478333 0.055000 0.100000
25 0.873125 0.511667 0.078750 0.060000
