5 0.333796 0.306790 0.119444 0.191358
5 0.465278 0.266049 0.123148 0.201235
5 0.623148 0.704321 0.127778 0.206173
5 0.364815 0.693210 0.059259 0.109877
5 0.295833 0.672840 0.104630 0.177778
5 0.434259 0.866049 0.105556 0.159259
5 0.542593 0.760494 0.183333 0.308642
5 0.165278 0.849383 0.228704 0.264198
5 0.081481 0.776543 0.151852 0.234568
5 0.313889 0.420988 0.190741 0.148148
5 0.734259 0.274691 0.157407 0.250617
5 0.870833 0.707407 0.143519 0.175309
5 0.788426 0.597531 0.139815 0.209877
5 0.717130 0.437037 0.176852 0.162963
5 0.891204 0.569753 0.136111 0.161728
5 0.445833 0.396296 0.152778 0.153086
5 0.437037 0.721605 0.100000 0.149383
5 0.472222 0.571605 0.094444 0.108642
5 0.543056 0.583951 0.071296 0.111111
5 0.625000 0.577778 0.075926 0.076543
5 0.671296 0.637037 0.077778 0.093827
5 0.739352 0.837654 0.154630 0.169136
5 0.750463 0.940741 0.150926 0.118519
5 0.964815 0.295062 0.070370 0.175309
5 0.734722 0.091358 0.149074 0.158025
