14 0.191923 0.465728 0.300769 0.336150
14 0.418077 0.315962 0.156154 0.305164
14 0.408077 0.606573 0.170000 0.277934
14 0.625385 0.737559 0.270769 0.342723
14 0.508077 0.586854 0.133077 0.170892
14 0.656154 0.491549 0.201538 0.196244
14 0.805385 0.378873 0.275385 0.250704
14 0.578077 0.245070 0.259231 0.292958
14 0.828077 0.150235 0.328462 0.298592
14 0.377692 0.806103 0.287692 0.226291
14 0.229231 0.145540 0.347692 0.289202
14 0.470000 0.164319 0.213846 0.326761
14 0.862308 0.636150 0.275385 0.333333
