0 0.475000 0.599045 0.227143 0.422434
0 0.608571 0.433174 0.285714 0.389021
0 0.900714 0.794153 0.164286 0.132458
0 0.157857 0.911695 0.227143 0.176611
0 0.242857 0.617542 0.214286 0.242243
0 0.140714 0.285203 0.244286 0.143198
0 0.330714 0.103222 0.350000 0.189737
0 0.554286 0.859189 0.248571 0.248210
0 0.889286 0.186158 0.198571 0.300716
0 0.740000 0.427208 0.154286 0.143198
0 0.707857 0.122912 0.170000 0.243437
0 0.378571 0.189737 0.208571 0.377088
0 0.360000 0.423031 0.125714 0.146778
0 0.312857 0.826969 0.131429 0.188544
